Run,Assay Type,AvgSpotLen,Bases,BioProject,BioSample,Bytes,case,Center Name,collection_date,common_name,Consent,DATASTORE filetype,DATASTORE provider,DATASTORE region,ENA-FIRST-PUBLIC (run),ENA-LAST-UPDATE (run),Experiment,geo_loc_name_country,geo_loc_name_country_continent,geographic_location_(country_and/or_sea),Instrument,Library Name,LibraryLayout,LibrarySelection,LibrarySource,Organism,organism,Platform,ReleaseDate,create_date,version,Sample Name,sample_type,Scientific_Name,SRA Study
ERR13060061,AMPLICON,240,21358198,PRJEB39834,SAMEA115537793,16210343,02,MEDICAL UNIVERSITY GRAZ,2014,human,public,"run.zq,fastq,sra","s3,ncbi,gs","gs.us-east1,s3.us-east-1,ncbi.public",2024-05-07,2024-05-07,ERX12431802,Austria,Europe,Austria,Ion Torrent Proton,,SINGLE,PCR,METAGENOMIC,Homo sapiens,Homo sapiens,ION_TORRENT,2024-07-17T00:00:00Z,2024-07-20T23:28:00Z,1,K4389-70,patient,Homo sapiens,ERP123398
ERR13060084,AMPLICON,276,21411073,PRJEB39834,SAMEA115537816,16701269,08,MEDICAL UNIVERSITY GRAZ,2019,human,public,"run.zq,fastq,sra","gs,ncbi,s3","ncbi.public,gs.us-east1,s3.us-east-1",2024-05-07,2024-05-07,ERX12431825,Austria,Europe,Austria,Ion Torrent Proton,,SINGLE,PCR,METAGENOMIC,Homo sapiens,Homo sapiens,ION_TORRENT,2024-07-17T00:00:00Z,2024-07-21T01:28:00Z,1,K8073-68,patient,Homo sapiens,ERP123398
ERR13060098,AMPLICON,274,9210212,PRJEB39834,SAMEA115537830,7426367,09,MEDICAL UNIVERSITY GRAZ,2019,human,public,"fastq,run.zq,sra","s3,ncbi,gs","gs.us-east1,s3.us-east-1,ncbi.public",2024-05-07,2024-05-07,ERX12431839,Austria,Europe,Austria,Ion Torrent Proton,,SINGLE,PCR,METAGENOMIC,Homo sapiens,Homo sapiens,ION_TORRENT,2024-07-17T00:00:00Z,2024-07-20T23:31:00Z,1,A976-17,patient,Homo sapiens,ERP123398
ERR13060168,AMPLICON,236,15766272,PRJEB39834,SAMEA115537900,11485872,04,MEDICAL UNIVERSITY GRAZ,2014,human,public,"run.zq,sra,fastq","gs,s3,ncbi","gs.us-east1,s3.us-east-1,ncbi.public",2024-05-07,2024-05-07,ERX12431909,Austria,Europe,Austria,Ion Torrent Proton,,SINGLE,PCR,METAGENOMIC,Homo sapiens,Homo sapiens,ION_TORRENT,2024-07-17T00:00:00Z,2024-07-21T01:29:00Z,1,K5175-91,patient,Homo sapiens,ERP123398
ERR13060033,AMPLICON,261,9962332,PRJEB39834,SAMEA115537765,7480283,01,MEDICAL UNIVERSITY GRAZ,2014,human,public,"run.zq,sra,fastq","gs,s3,ncbi","ncbi.public,s3.us-east-1,gs.us-east1",2024-05-07,2024-05-07,ERX12431774,Austria,Europe,Austria,Ion Torrent Proton,,SINGLE,PCR,METAGENOMIC,Homo sapiens,Homo sapiens,ION_TORRENT,2024-07-18T00:00:00Z,2024-07-24T09:20:00Z,1,K1836-109,patient,Homo sapiens,ERP123398
ERR13060086,AMPLICON,174,36937290,PRJEB39834,SAMEA115537818,27752723,08,MEDICAL UNIVERSITY GRAZ,2019,human,public,"fastq,sra,run.zq","ncbi,gs,s3","gs.us-east1,s3.us-east-1,ncbi.public",2024-05-07,2024-05-07,ERX12431827,Austria,Europe,Austria,Ion Torrent Proton,,SINGLE,PCR,METAGENOMIC,Homo sapiens,Homo sapiens,ION_TORRENT,2024-07-18T00:00:00Z,2024-07-25T01:50:00Z,1,K8073-74,patient,Homo sapiens,ERP123398
ERR13060095,AMPLICON,269,42510652,PRJEB39834,SAMEA115537827,33953918,09,MEDICAL UNIVERSITY GRAZ,2019,human,public,"run.zq,fastq,sra","s3,gs,ncbi","s3.us-east-1,ncbi.public,gs.us-east1",2024-05-07,2024-05-07,ERX12431836,Austria,Europe,Austria,Ion Torrent Proton,,SINGLE,PCR,METAGENOMIC,Homo sapiens,Homo sapiens,ION_TORRENT,2024-07-18T00:00:00Z,2024-07-24T16:23:00Z,1,A976-10,patient,Homo sapiens,ERP123398
ERR13060103,AMPLICON,279,9827238,PRJEB39834,SAMEA115537835,7408689,09,MEDICAL UNIVERSITY GRAZ,2019,human,public,"sra,fastq,run.zq","ncbi,s3,gs","gs.us-east1,s3.us-east-1,ncbi.public",2024-05-07,2024-05-07,ERX12431844,Austria,Europe,Austria,Ion Torrent Proton,,SINGLE,PCR,METAGENOMIC,Homo sapiens,Homo sapiens,ION_TORRENT,2024-07-18T00:00:00Z,2024-07-24T09:22:00Z,1,A976-34,patient,Homo sapiens,ERP123398
ERR13060109,AMPLICON,257,12766291,PRJEB39834,SAMEA115537841,9707527,09,MEDICAL UNIVERSITY GRAZ,2019,human,public,"sra,fastq,run.zq","ncbi,s3,gs","gs.us-east1,ncbi.public,s3.us-east-1",2024-05-07,2024-05-07,ERX12431850,Austria,Europe,Austria,Ion Torrent Proton,,SINGLE,PCR,METAGENOMIC,Homo sapiens,Homo sapiens,ION_TORRENT,2024-07-18T00:00:00Z,2024-07-24T16:21:00Z,1,A976-60,patient,Homo sapiens,ERP123398
ERR13060113,AMPLICON,276,13149696,PRJEB39834,SAMEA115537845,10344548,09,MEDICAL UNIVERSITY GRAZ,2019,human,public,"fastq,run.zq,sra","ncbi,s3,gs","ncbi.public,s3.us-east-1,gs.us-east1",2024-05-07,2024-05-07,ERX12431854,Austria,Europe,Austria,Ion Torrent Proton,,SINGLE,PCR,METAGENOMIC,Homo sapiens,Homo sapiens,ION_TORRENT,2024-07-18T00:00:00Z,2024-08-14T09:42:00Z,1,A976-64,patient,Homo sapiens,ERP123398
ERR13060115,AMPLICON,276,15928052,PRJEB39834,SAMEA115537847,12231820,07,MEDICAL UNIVERSITY GRAZ,2019,human,public,"fastq,run.zq,sra","ncbi,s3,gs","s3.us-east-1,gs.us-east1,ncbi.public",2024-05-07,2024-05-07,ERX12431856,Austria,Europe,Austria,Ion Torrent Proton,,SINGLE,PCR,METAGENOMIC,Homo sapiens,Homo sapiens,ION_TORRENT,2024-07-18T00:00:00Z,2024-07-24T07:15:00Z,1,K9403-101,patient,Homo sapiens,ERP123398
ERR13060116,AMPLICON,276,21149988,PRJEB39834,SAMEA115537848,16304667,07,MEDICAL UNIVERSITY GRAZ,2019,human,public,"run.zq,fastq,sra","gs,s3,ncbi","gs.us-east1,s3.us-east-1,ncbi.public",2024-05-07,2024-05-07,ERX12431857,Austria,Europe,Austria,Ion Torrent Proton,,SINGLE,PCR,METAGENOMIC,Homo sapiens,Homo sapiens,ION_TORRENT,2024-07-18T00:00:00Z,2024-07-24T12:50:00Z,1,K9403-102,patient,Homo sapiens,ERP123398
ERR13060156,AMPLICON,232,31205160,PRJEB39834,SAMEA115537888,23202806,04,MEDICAL UNIVERSITY GRAZ,2014,human,public,"fastq,sra,run.zq","ncbi,s3,gs","s3.us-east-1,gs.us-east1,ncbi.public",2024-05-07,2024-05-07,ERX12431897,Austria,Europe,Austria,Ion Torrent Proton,,SINGLE,PCR,METAGENOMIC,Homo sapiens,Homo sapiens,ION_TORRENT,2024-07-18T00:00:00Z,2024-07-24T14:21:00Z,1,K5175-47,donor,Homo sapiens,ERP123398
ERR13060157,AMPLICON,229,29802699,PRJEB39834,SAMEA115537889,22192893,04,MEDICAL UNIVERSITY GRAZ,2014,human,public,"fastq,sra,run.zq","s3,gs,ncbi","gs.us-east1,ncbi.public,s3.us-east-1",2024-05-07,2024-05-07,ERX12431898,Austria,Europe,Austria,Ion Torrent Proton,,SINGLE,PCR,METAGENOMIC,Homo sapiens,Homo sapiens,ION_TORRENT,2024-07-18T00:00:00Z,2024-07-25T01:51:00Z,1,K5175-48,donor,Homo sapiens,ERP123398
ERR13059969,AMPLICON,261,16289182,PRJEB39834,SAMEA115537701,12573294,05,MEDICAL UNIVERSITY GRAZ,2019,human,public,"sra,fastq,run.zq","ncbi,gs,s3","ncbi.public,s3.us-east-1,gs.us-east1",2024-05-07,2024-05-07,ERX12431710,Austria,Europe,Austria,Ion Torrent Proton,,SINGLE,PCR,METAGENOMIC,Homo sapiens,Homo sapiens,ION_TORRENT,2024-07-17T00:00:00Z,2024-08-14T07:54:00Z,1,K6409-106,patient,Homo sapiens,ERP123398
ERR13059990,AMPLICON,263,34523760,PRJEB39834,SAMEA115537722,25709190,05,MEDICAL UNIVERSITY GRAZ,2019,human,public,"fastq,run.zq,sra","ncbi,s3,gs","gs.us-east1,ncbi.public,s3.us-east-1",2024-05-07,2024-05-07,ERX12431731,Austria,Europe,Austria,Ion Torrent Proton,,SINGLE,PCR,METAGENOMIC,Homo sapiens,Homo sapiens,ION_TORRENT,2024-07-17T00:00:00Z,2024-07-20T23:28:00Z,1,K6409-90,patient,Homo sapiens,ERP123398
ERR13060007,AMPLICON,226,30600904,PRJEB39834,SAMEA115537739,23316218,06,MEDICAL UNIVERSITY GRAZ,2019,human,public,"run.zq,sra,fastq","gs,ncbi,s3","gs.us-east1,ncbi.public,s3.us-east-1",2024-05-07,2024-05-07,ERX12431748,Austria,Europe,Austria,Ion Torrent Proton,,SINGLE,PCR,METAGENOMIC,Homo sapiens,Homo sapiens,ION_TORRENT,2024-07-17T00:00:00Z,2024-07-20T23:27:00Z,1,K4383-73,patient,Homo sapiens,ERP123398
ERR13060041,AMPLICON,262,7797382,PRJEB39834,SAMEA115537773,5649687,01,MEDICAL UNIVERSITY GRAZ,2014,human,public,"sra,run.zq,fastq","ncbi,gs,s3","gs.us-east1,ncbi.public,s3.us-east-1",2024-05-07,2024-05-07,ERX12431782,Austria,Europe,Austria,Ion Torrent Proton,,SINGLE,PCR,METAGENOMIC,Homo sapiens,Homo sapiens,ION_TORRENT,2024-07-17T00:00:00Z,2024-08-14T07:55:00Z,1,K1836-36,donor,Homo sapiens,ERP123398
ERR13059991,AMPLICON,236,24380604,PRJEB39834,SAMEA115537723,17620062,05,MEDICAL UNIVERSITY GRAZ,2019,human,public,"fastq,run.zq,sra","s3,gs,ncbi","ncbi.public,s3.us-east-1,gs.us-east1",2024-05-07,2024-05-07,ERX12431732,Austria,Europe,Austria,Ion Torrent Proton,,SINGLE,PCR,METAGENOMIC,Homo sapiens,Homo sapiens,ION_TORRENT,2024-07-18T00:00:00Z,2024-07-25T14:52:00Z,1,K6409-94,patient,Homo sapiens,ERP123398
ERR13060002,AMPLICON,243,17624924,PRJEB39834,SAMEA115537734,12722610,06,MEDICAL UNIVERSITY GRAZ,2019,human,public,"fastq,sra,run.zq","gs,s3,ncbi","gs.us-east1,ncbi.public,s3.us-east-1",2024-05-07,2024-05-07,ERX12431743,Austria,Europe,Austria,Ion Torrent Proton,,SINGLE,PCR,METAGENOMIC,Homo sapiens,Homo sapiens,ION_TORRENT,2024-07-18T00:00:00Z,2024-07-25T13:27:00Z,1,K4383-52,patient,Homo sapiens,ERP123398
ERR13060076,AMPLICON,278,41972510,PRJEB39834,SAMEA115537808,32934484,08,MEDICAL UNIVERSITY GRAZ,2019,human,public,"sra,fastq,run.zq","gs,s3,ncbi","ncbi.public,gs.us-east1,s3.us-east-1",2024-05-07,2024-05-07,ERX12431817,Austria,Europe,Austria,Ion Torrent Proton,,SINGLE,PCR,METAGENOMIC,Homo sapiens,Homo sapiens,ION_TORRENT,2024-07-18T00:00:00Z,2024-07-25T13:33:00Z,1,K8073-110,patient,Homo sapiens,ERP123398
ERR13060111,AMPLICON,275,1211253,PRJEB39834,SAMEA115537843,1000613,09,MEDICAL UNIVERSITY GRAZ,2019,human,public,"run.zq,fastq,sra","ncbi,gs,s3","s3.us-east-1,gs.us-east1,ncbi.public",2024-05-07,2024-05-07,ERX12431852,Austria,Europe,Austria,Ion Torrent Proton,,SINGLE,PCR,METAGENOMIC,Homo sapiens,Homo sapiens,ION_TORRENT,2024-07-18T00:00:00Z,2024-07-25T13:22:00Z,1,A976-62,patient,Homo sapiens,ERP123398
ERR13059978,AMPLICON,252,83012382,PRJEB39834,SAMEA115537710,61667750,05,MEDICAL UNIVERSITY GRAZ,2019,human,public,"fastq,sra,run.zq","s3,ncbi,gs","gs.us-east1,s3.us-east-1,ncbi.public",2024-05-07,2024-05-07,ERX12431719,Austria,Europe,Austria,Ion Torrent Proton,,SINGLE,PCR,METAGENOMIC,Homo sapiens,Homo sapiens,ION_TORRENT,2024-07-18T00:00:00Z,2024-07-25T02:10:00Z,1,K6409-47,donor,Homo sapiens,ERP123398
ERR13059993,AMPLICON,209,24896509,PRJEB39834,SAMEA115537725,19033113,06,MEDICAL UNIVERSITY GRAZ,2019,human,public,"sra,run.zq,fastq","s3,gs,ncbi","ncbi.public,gs.us-east1,s3.us-east-1",2024-05-07,2024-05-07,ERX12431734,Austria,Europe,Austria,Ion Torrent Proton,,SINGLE,PCR,METAGENOMIC,Homo sapiens,Homo sapiens,ION_TORRENT,2024-07-18T00:00:00Z,2024-07-24T19:48:00Z,1,K4383-101,patient,Homo sapiens,ERP123398
ERR13060001,AMPLICON,243,16537453,PRJEB39834,SAMEA115537733,11884215,06,MEDICAL UNIVERSITY GRAZ,2019,human,public,"run.zq,sra,fastq","s3,gs,ncbi","s3.us-east-1,ncbi.public,gs.us-east1",2024-05-07,2024-05-07,ERX12431742,Austria,Europe,Austria,Ion Torrent Proton,,SINGLE,PCR,METAGENOMIC,Homo sapiens,Homo sapiens,ION_TORRENT,2024-07-18T00:00:00Z,2024-07-25T02:10:00Z,1,K4383-51,patient,Homo sapiens,ERP123398
ERR13060017,AMPLICON,275,14788995,PRJEB39834,SAMEA115537749,10420956,01,MEDICAL UNIVERSITY GRAZ,2014,human,public,"run.zq,fastq,sra","ncbi,s3,gs","ncbi.public,s3.us-east-1,gs.us-east1",2024-05-07,2024-05-07,ERX12431758,Austria,Europe,Austria,Ion Torrent Proton,,SINGLE,PCR,METAGENOMIC,Homo sapiens,Homo sapiens,ION_TORRENT,2024-07-18T00:00:00Z,2024-07-24T21:42:00Z,1,K1836-20,patient,Homo sapiens,ERP123398
ERR13060021,AMPLICON,272,7631010,PRJEB39834,SAMEA115537753,5569418,01,MEDICAL UNIVERSITY GRAZ,2014,human,public,"fastq,sra,run.zq","gs,s3,ncbi","ncbi.public,s3.us-east-1,gs.us-east1",2024-05-07,2024-05-07,ERX12431762,Austria,Europe,Austria,Ion Torrent Proton,,SINGLE,PCR,METAGENOMIC,Homo sapiens,Homo sapiens,ION_TORRENT,2024-07-18T00:00:00Z,2024-07-25T01:58:00Z,1,K1836-34,patient,Homo sapiens,ERP123398
ERR13060032,AMPLICON,260,9040284,PRJEB39834,SAMEA115537764,6768986,01,MEDICAL UNIVERSITY GRAZ,2014,human,public,"run.zq,fastq,sra","ncbi,gs,s3","ncbi.public,gs.us-east1,s3.us-east-1",2024-05-07,2024-05-07,ERX12431773,Austria,Europe,Austria,Ion Torrent Proton,,SINGLE,PCR,METAGENOMIC,Homo sapiens,Homo sapiens,ION_TORRENT,2024-07-18T00:00:00Z,2024-07-25T02:10:00Z,1,K1836-94,patient,Homo sapiens,ERP123398
ERR13060040,AMPLICON,239,15452867,PRJEB39834,SAMEA115537772,11946209,01,MEDICAL UNIVERSITY GRAZ,2014,human,public,"sra,fastq,run.zq","s3,ncbi,gs","gs.us-east1,ncbi.public,s3.us-east-1",2024-05-07,2024-05-07,ERX12431781,Austria,Europe,Austria,Ion Torrent Proton,,SINGLE,PCR,METAGENOMIC,Homo sapiens,Homo sapiens,ION_TORRENT,2024-07-18T00:00:00Z,2024-07-24T19:50:00Z,1,K1836-134,patient,Homo sapiens,ERP123398
ERR13060045,AMPLICON,263,13430014,PRJEB39834,SAMEA115537777,9719330,02,MEDICAL UNIVERSITY GRAZ,2014,human,public,"run.zq,fastq,sra","s3,ncbi,gs","gs.us-east1,ncbi.public,s3.us-east-1",2024-05-07,2024-05-07,ERX12431786,Austria,Europe,Austria,Ion Torrent Proton,,SINGLE,PCR,METAGENOMIC,Homo sapiens,Homo sapiens,ION_TORRENT,2024-07-18T00:00:00Z,2024-08-14T09:44:00Z,1,K4389-16,patient,Homo sapiens,ERP123398
ERR13060046,AMPLICON,263,16042679,PRJEB39834,SAMEA115537778,11723922,02,MEDICAL UNIVERSITY GRAZ,2014,human,public,"run.zq,fastq,sra","ncbi,gs,s3","gs.us-east1,s3.us-east-1,ncbi.public",2024-05-07,2024-05-07,ERX12431787,Austria,Europe,Austria,Ion Torrent Proton,,SINGLE,PCR,METAGENOMIC,Homo sapiens,Homo sapiens,ION_TORRENT,2024-07-18T00:00:00Z,2024-07-25T01:56:00Z,1,K4389-17,patient,Homo sapiens,ERP123398
ERR13060047,AMPLICON,252,9657018,PRJEB39834,SAMEA115537779,7230930,02,MEDICAL UNIVERSITY GRAZ,2014,human,public,"sra,fastq,run.zq","gs,s3,ncbi","s3.us-east-1,gs.us-east1,ncbi.public",2024-05-07,2024-05-07,ERX12431788,Austria,Europe,Austria,Ion Torrent Proton,,SINGLE,PCR,METAGENOMIC,Homo sapiens,Homo sapiens,ION_TORRENT,2024-07-18T00:00:00Z,2024-07-24T21:58:00Z,1,K4389-26,patient,Homo sapiens,ERP123398
ERR13060054,AMPLICON,218,11211336,PRJEB39834,SAMEA115537786,8701660,02,MEDICAL UNIVERSITY GRAZ,2014,human,public,"fastq,run.zq,sra","gs,s3,ncbi","gs.us-east1,s3.us-east-1,ncbi.public",2024-05-07,2024-05-07,ERX12431795,Austria,Europe,Austria,Ion Torrent Proton,,SINGLE,PCR,METAGENOMIC,Homo sapiens,Homo sapiens,ION_TORRENT,2024-07-18T00:00:00Z,2024-07-25T02:13:00Z,1,K4389-56,donor,Homo sapiens,ERP123398
ERR13060074,AMPLICON,274,11642090,PRJEB39834,SAMEA115537806,9264651,08,MEDICAL UNIVERSITY GRAZ,2019,human,public,"sra,fastq,run.zq","gs,ncbi,s3","s3.us-east-1,ncbi.public,gs.us-east1",2024-05-07,2024-05-07,ERX12431815,Austria,Europe,Austria,Ion Torrent Proton,,SINGLE,PCR,METAGENOMIC,Homo sapiens,Homo sapiens,ION_TORRENT,2024-07-18T00:00:00Z,2024-07-24T21:51:00Z,1,K8073-105,patient,Homo sapiens,ERP123398
ERR13060087,AMPLICON,278,26540367,PRJEB39834,SAMEA115537819,20877426,08,MEDICAL UNIVERSITY GRAZ,2019,human,public,"run.zq,sra,fastq","gs,s3,ncbi","s3.us-east-1,gs.us-east1,ncbi.public",2024-05-07,2024-05-07,ERX12431828,Austria,Europe,Austria,Ion Torrent Proton,,SINGLE,PCR,METAGENOMIC,Homo sapiens,Homo sapiens,ION_TORRENT,2024-07-18T00:00:00Z,2024-07-24T19:53:00Z,1,K8073-83,patient,Homo sapiens,ERP123398
ERR13060097,AMPLICON,278,6266956,PRJEB39834,SAMEA115537829,5006146,09,MEDICAL UNIVERSITY GRAZ,2019,human,public,"sra,run.zq,fastq","gs,s3,ncbi","gs.us-east1,s3.us-east-1,ncbi.public",2024-05-07,2024-05-07,ERX12431838,Austria,Europe,Austria,Ion Torrent Proton,,SINGLE,PCR,METAGENOMIC,Homo sapiens,Homo sapiens,ION_TORRENT,2024-07-18T00:00:00Z,2024-07-25T02:10:00Z,1,A976-16,patient,Homo sapiens,ERP123398
ERR13060108,AMPLICON,273,19850049,PRJEB39834,SAMEA115537840,15683122,09,MEDICAL UNIVERSITY GRAZ,2019,human,public,"run.zq,fastq,sra","ncbi,s3,gs","ncbi.public,s3.us-east-1,gs.us-east1",2024-05-07,2024-05-07,ERX12431849,Austria,Europe,Austria,Ion Torrent Proton,,SINGLE,PCR,METAGENOMIC,Homo sapiens,Homo sapiens,ION_TORRENT,2024-07-18T00:00:00Z,2024-07-25T02:12:00Z,1,A976-47,patient,Homo sapiens,ERP123398
ERR13060126,AMPLICON,279,194896404,PRJEB39834,SAMEA115537858,146988723,07,MEDICAL UNIVERSITY GRAZ,2019,human,public,"fastq,run.zq,sra","ncbi,gs,s3","ncbi.public,gs.us-east1,s3.us-east-1",2024-05-07,2024-05-07,ERX12431867,Austria,Europe,Austria,Ion Torrent Proton,,SINGLE,PCR,METAGENOMIC,Homo sapiens,Homo sapiens,ION_TORRENT,2024-07-18T00:00:00Z,2024-07-24T19:52:00Z,1,K9403-59,patient,Homo sapiens,ERP123398
ERR13060138,AMPLICON,250,11449793,PRJEB39834,SAMEA115537870,8473575,04,MEDICAL UNIVERSITY GRAZ,2014,human,public,"sra,run.zq,fastq","gs,s3,ncbi","gs.us-east1,s3.us-east-1,ncbi.public",2024-05-07,2024-05-07,ERX12431879,Austria,Europe,Austria,Ion Torrent Proton,,SINGLE,PCR,METAGENOMIC,Homo sapiens,Homo sapiens,ION_TORRENT,2024-07-18T00:00:00Z,2024-07-24T19:52:00Z,1,K5175-125,patient,Homo sapiens,ERP123398
ERR13060154,AMPLICON,254,40194581,PRJEB39834,SAMEA115537886,29359748,04,MEDICAL UNIVERSITY GRAZ,2014,human,public,"sra,fastq,run.zq","s3,gs,ncbi","gs.us-east1,ncbi.public,s3.us-east-1",2024-05-07,2024-05-07,ERX12431895,Austria,Europe,Austria,Ion Torrent Proton,,SINGLE,PCR,METAGENOMIC,Homo sapiens,Homo sapiens,ION_TORRENT,2024-07-18T00:00:00Z,2024-07-24T21:55:00Z,1,K5175-45,patient,Homo sapiens,ERP123398
ERR13060169,AMPLICON,276,16908712,PRJEB39834,SAMEA115537901,12795304,10,MEDICAL UNIVERSITY GRAZ,2019,human,public,"sra,fastq,run.zq","gs,ncbi,s3","ncbi.public,gs.us-east1,s3.us-east-1",2024-05-07,2024-05-07,ERX12431910,Austria,Europe,Austria,Ion Torrent Proton,,SINGLE,PCR,METAGENOMIC,Homo sapiens,Homo sapiens,ION_TORRENT,2024-07-18T00:00:00Z,2024-07-25T02:05:00Z,1,K1799-79,patient,Homo sapiens,ERP123398
ERR13060171,AMPLICON,279,26538148,PRJEB39834,SAMEA115537903,19573792,10,MEDICAL UNIVERSITY GRAZ,2019,human,public,"sra,run.zq,fastq","gs,ncbi,s3","gs.us-east1,ncbi.public,s3.us-east-1",2024-05-07,2024-05-07,ERX12431912,Austria,Europe,Austria,Ion Torrent Proton,,SINGLE,PCR,METAGENOMIC,Homo sapiens,Homo sapiens,ION_TORRENT,2024-07-18T00:00:00Z,2024-07-24T21:57:00Z,1,K1799-85,patient,Homo sapiens,ERP123398
ERR13059992,AMPLICON,243,41020688,PRJEB39834,SAMEA115537724,29224261,05,MEDICAL UNIVERSITY GRAZ,2019,human,public,"fastq,sra,run.zq","gs,ncbi,s3","s3.us-east-1,gs.us-east1,ncbi.public",2024-05-07,2024-05-07,ERX12431733,Austria,Europe,Austria,Ion Torrent Proton,,SINGLE,PCR,METAGENOMIC,Homo sapiens,Homo sapiens,ION_TORRENT,2024-07-18T00:00:00Z,2024-07-25T10:47:00Z,1,K6409-95,patient,Homo sapiens,ERP123398
ERR13059994,AMPLICON,199,14091136,PRJEB39834,SAMEA115537726,10902168,06,MEDICAL UNIVERSITY GRAZ,2019,human,public,"sra,run.zq,fastq","ncbi,s3,gs","s3.us-east-1,gs.us-east1,ncbi.public",2024-05-07,2024-05-07,ERX12431735,Austria,Europe,Austria,Ion Torrent Proton,,SINGLE,PCR,METAGENOMIC,Homo sapiens,Homo sapiens,ION_TORRENT,2024-07-18T00:00:00Z,2024-07-25T10:44:00Z,1,K4383-102,patient,Homo sapiens,ERP123398
ERR13060034,AMPLICON,262,9053389,PRJEB39834,SAMEA115537766,6740441,01,MEDICAL UNIVERSITY GRAZ,2014,human,public,"run.zq,sra,fastq","s3,ncbi,gs","gs.us-east1,ncbi.public,s3.us-east-1",2024-05-07,2024-05-07,ERX12431775,Austria,Europe,Austria,Ion Torrent Proton,,SINGLE,PCR,METAGENOMIC,Homo sapiens,Homo sapiens,ION_TORRENT,2024-07-18T00:00:00Z,2024-07-25T09:09:00Z,1,K1836-110,patient,Homo sapiens,ERP123398
ERR13060036,AMPLICON,261,8129209,PRJEB39834,SAMEA115537768,6173251,01,MEDICAL UNIVERSITY GRAZ,2014,human,public,"run.zq,fastq,sra","ncbi,gs,s3","s3.us-east-1,ncbi.public,gs.us-east1",2024-05-07,2024-05-07,ERX12431777,Austria,Europe,Austria,Ion Torrent Proton,,SINGLE,PCR,METAGENOMIC,Homo sapiens,Homo sapiens,ION_TORRENT,2024-07-18T00:00:00Z,2024-07-25T10:52:00Z,1,K1836-114,patient,Homo sapiens,ERP123398
ERR13060092,AMPLICON,277,25909095,PRJEB39834,SAMEA115537824,20337377,08,MEDICAL UNIVERSITY GRAZ,2019,human,public,"fastq,run.zq,sra","ncbi,s3,gs","ncbi.public,gs.us-east1,s3.us-east-1",2024-05-07,2024-05-07,ERX12431833,Austria,Europe,Austria,Ion Torrent Proton,,SINGLE,PCR,METAGENOMIC,Homo sapiens,Homo sapiens,ION_TORRENT,2024-07-18T00:00:00Z,2024-07-25T10:43:00Z,1,K8073-92,patient,Homo sapiens,ERP123398
ERR13060100,AMPLICON,277,25247081,PRJEB39834,SAMEA115537832,19166057,09,MEDICAL UNIVERSITY GRAZ,2019,human,public,"fastq,run.zq,sra","gs,ncbi,s3","gs.us-east1,s3.us-east-1,ncbi.public",2024-05-07,2024-05-07,ERX12431841,Austria,Europe,Austria,Ion Torrent Proton,,SINGLE,PCR,METAGENOMIC,Homo sapiens,Homo sapiens,ION_TORRENT,2024-07-18T00:00:00Z,2024-07-25T10:45:00Z,1,A976-23,patient,Homo sapiens,ERP123398
ERR13060114,AMPLICON,276,13041975,PRJEB39834,SAMEA115537846,10223115,09,MEDICAL UNIVERSITY GRAZ,2019,human,public,"sra,run.zq,fastq","s3,ncbi,gs","gs.us-east1,s3.us-east-1,ncbi.public",2024-05-07,2024-05-07,ERX12431855,Austria,Europe,Austria,Ion Torrent Proton,,SINGLE,PCR,METAGENOMIC,Homo sapiens,Homo sapiens,ION_TORRENT,2024-07-18T00:00:00Z,2024-07-25T13:12:00Z,1,A976-65,patient,Homo sapiens,ERP123398
ERR13060121,AMPLICON,283,16961537,PRJEB39834,SAMEA115537853,13007885,07,MEDICAL UNIVERSITY GRAZ,2019,human,public,"fastq,sra,run.zq","gs,s3,ncbi","ncbi.public,s3.us-east-1,gs.us-east1",2024-05-07,2024-05-07,ERX12431862,Austria,Europe,Austria,Ion Torrent Proton,,SINGLE,PCR,METAGENOMIC,Homo sapiens,Homo sapiens,ION_TORRENT,2024-07-18T00:00:00Z,2024-07-25T10:37:00Z,1,K9403-51,patient,Homo sapiens,ERP123398
ERR13060145,AMPLICON,271,13742715,PRJEB39834,SAMEA115537877,10556406,04,MEDICAL UNIVERSITY GRAZ,2014,human,public,"sra,run.zq,fastq","s3,ncbi,gs","s3.us-east-1,ncbi.public,gs.us-east1",2024-05-07,2024-05-07,ERX12431886,Austria,Europe,Austria,Ion Torrent Proton,,SINGLE,PCR,METAGENOMIC,Homo sapiens,Homo sapiens,ION_TORRENT,2024-07-18T00:00:00Z,2024-07-25T10:49:00Z,1,K5175-132,patient,Homo sapiens,ERP123398
ERR13060148,AMPLICON,257,50763220,PRJEB39834,SAMEA115537880,37372339,04,MEDICAL UNIVERSITY GRAZ,2014,human,public,"fastq,sra,run.zq","s3,ncbi,gs","gs.us-east1,ncbi.public,s3.us-east-1",2024-05-07,2024-05-07,ERX12431889,Austria,Europe,Austria,Ion Torrent Proton,,SINGLE,PCR,METAGENOMIC,Homo sapiens,Homo sapiens,ION_TORRENT,2024-07-18T00:00:00Z,2024-07-25T10:40:00Z,1,K5175-23,patient,Homo sapiens,ERP123398
ERR13059970,AMPLICON,259,14933944,PRJEB39834,SAMEA115537702,11825244,05,MEDICAL UNIVERSITY GRAZ,2019,human,public,"fastq,sra,run.zq","ncbi,s3,gs","s3.us-east-1,gs.us-east1,ncbi.public",2024-05-07,2024-05-07,ERX12431711,Austria,Europe,Austria,Ion Torrent Proton,,SINGLE,PCR,METAGENOMIC,Homo sapiens,Homo sapiens,ION_TORRENT,2024-07-18T00:00:00Z,2024-07-22T07:36:00Z,1,K6409-107,patient,Homo sapiens,ERP123398
ERR13059971,AMPLICON,255,10769413,PRJEB39834,SAMEA115537703,8329384,05,MEDICAL UNIVERSITY GRAZ,2019,human,public,"sra,run.zq,fastq","s3,ncbi,gs","s3.us-east-1,ncbi.public,gs.us-east1",2024-05-07,2024-05-07,ERX12431712,Austria,Europe,Austria,Ion Torrent Proton,,SINGLE,PCR,METAGENOMIC,Homo sapiens,Homo sapiens,ION_TORRENT,2024-07-18T00:00:00Z,2024-07-22T15:24:00Z,1,K6409-108,patient,Homo sapiens,ERP123398
ERR13059973,AMPLICON,260,44036490,PRJEB39834,SAMEA115537705,32628373,05,MEDICAL UNIVERSITY GRAZ,2019,human,public,"run.zq,sra,fastq","gs,ncbi,s3","gs.us-east1,s3.us-east-1,ncbi.public",2024-05-07,2024-05-07,ERX12431714,Austria,Europe,Austria,Ion Torrent Proton,,SINGLE,PCR,METAGENOMIC,Homo sapiens,Homo sapiens,ION_TORRENT,2024-07-18T00:00:00Z,2024-07-22T02:10:00Z,1,K6409-30,patient,Homo sapiens,ERP123398
ERR13059976,AMPLICON,259,92798111,PRJEB39834,SAMEA115537708,69150171,05,MEDICAL UNIVERSITY GRAZ,2019,human,public,"run.zq,fastq,sra","gs,s3,ncbi","ncbi.public,s3.us-east-1,gs.us-east1",2024-05-07,2024-05-07,ERX12431717,Austria,Europe,Austria,Ion Torrent Proton,,SINGLE,PCR,METAGENOMIC,Homo sapiens,Homo sapiens,ION_TORRENT,2024-07-18T00:00:00Z,2024-08-11T07:57:00Z,1,K6409-45,patient,Homo sapiens,ERP123398
ERR13059977,AMPLICON,245,82433949,PRJEB39834,SAMEA115537709,61301835,05,MEDICAL UNIVERSITY GRAZ,2019,human,public,"run.zq,sra,fastq","s3,gs,ncbi","gs.us-east1,ncbi.public,s3.us-east-1",2024-05-07,2024-05-07,ERX12431718,Austria,Europe,Austria,Ion Torrent Proton,,SINGLE,PCR,METAGENOMIC,Homo sapiens,Homo sapiens,ION_TORRENT,2024-07-18T00:00:00Z,2024-08-11T08:11:00Z,1,K6409-46,donor,Homo sapiens,ERP123398
ERR13059979,AMPLICON,253,30619942,PRJEB39834,SAMEA115537711,22212938,05,MEDICAL UNIVERSITY GRAZ,2019,human,public,"run.zq,fastq,sra","gs,ncbi,s3","ncbi.public,s3.us-east-1,gs.us-east1",2024-05-07,2024-05-07,ERX12431720,Austria,Europe,Austria,Ion Torrent Proton,,SINGLE,PCR,METAGENOMIC,Homo sapiens,Homo sapiens,ION_TORRENT,2024-07-18T00:00:00Z,2024-07-22T02:11:00Z,1,K6409-66,patient,Homo sapiens,ERP123398
ERR13059983,AMPLICON,263,20614897,PRJEB39834,SAMEA115537715,14677422,05,MEDICAL UNIVERSITY GRAZ,2019,human,public,"fastq,run.zq,sra","ncbi,gs,s3","s3.us-east-1,ncbi.public,gs.us-east1",2024-05-07,2024-05-07,ERX12431724,Austria,Europe,Austria,Ion Torrent Proton,,SINGLE,PCR,METAGENOMIC,Homo sapiens,Homo sapiens,ION_TORRENT,2024-07-18T00:00:00Z,2024-07-22T07:36:00Z,1,K6409-70,patient,Homo sapiens,ERP123398
ERR13059999,AMPLICON,243,31873793,PRJEB39834,SAMEA115537731,23036943,06,MEDICAL UNIVERSITY GRAZ,2019,human,public,"fastq,run.zq,sra","ncbi,gs,s3","s3.us-east-1,gs.us-east1,ncbi.public",2024-05-07,2024-05-07,ERX12431740,Austria,Europe,Austria,Ion Torrent Proton,,SINGLE,PCR,METAGENOMIC,Homo sapiens,Homo sapiens,ION_TORRENT,2024-07-18T00:00:00Z,2024-07-23T03:17:00Z,1,K4383-41,patient,Homo sapiens,ERP123398
ERR13060008,AMPLICON,227,26399744,PRJEB39834,SAMEA115537740,20091654,06,MEDICAL UNIVERSITY GRAZ,2019,human,public,"sra,fastq,run.zq","gs,ncbi,s3","s3.us-east-1,gs.us-east1,ncbi.public",2024-05-07,2024-05-07,ERX12431749,Austria,Europe,Austria,Ion Torrent Proton,,SINGLE,PCR,METAGENOMIC,Homo sapiens,Homo sapiens,ION_TORRENT,2024-07-18T00:00:00Z,2024-07-22T04:55:00Z,1,K4383-74,patient,Homo sapiens,ERP123398
ERR13060023,AMPLICON,274,11740146,PRJEB39834,SAMEA115537755,8125753,01,MEDICAL UNIVERSITY GRAZ,2014,human,public,"fastq,sra,run.zq","ncbi,gs,s3","ncbi.public,s3.us-east-1,gs.us-east1",2024-05-07,2024-05-07,ERX12431764,Austria,Europe,Austria,Ion Torrent Proton,,SINGLE,PCR,METAGENOMIC,Homo sapiens,Homo sapiens,ION_TORRENT,2024-07-18T00:00:00Z,2024-07-23T02:12:00Z,1,K1836-42,patient,Homo sapiens,ERP123398
ERR13060028,AMPLICON,248,3278824,PRJEB39834,SAMEA115537760,2504325,01,MEDICAL UNIVERSITY GRAZ,2014,human,public,"fastq,run.zq,sra","gs,s3,ncbi","gs.us-east1,ncbi.public,s3.us-east-1",2024-05-07,2024-05-07,ERX12431769,Austria,Europe,Austria,Ion Torrent Proton,,SINGLE,PCR,METAGENOMIC,Homo sapiens,Homo sapiens,ION_TORRENT,2024-07-18T00:00:00Z,2024-07-23T05:21:00Z,1,K1836-72,patient,Homo sapiens,ERP123398
ERR13060038,AMPLICON,262,7498535,PRJEB39834,SAMEA115537770,5668844,01,MEDICAL UNIVERSITY GRAZ,2014,human,public,"run.zq,fastq,sra","s3,ncbi,gs","gs.us-east1,s3.us-east-1,ncbi.public",2024-05-07,2024-05-07,ERX12431779,Austria,Europe,Austria,Ion Torrent Proton,,SINGLE,PCR,METAGENOMIC,Homo sapiens,Homo sapiens,ION_TORRENT,2024-07-18T00:00:00Z,2024-07-22T02:11:00Z,1,K1836-116,patient,Homo sapiens,ERP123398
ERR13060042,AMPLICON,261,4930910,PRJEB39834,SAMEA115537774,3677694,01,MEDICAL UNIVERSITY GRAZ,2014,human,public,"sra,fastq,run.zq","gs,s3,ncbi","s3.us-east-1,ncbi.public,gs.us-east1",2024-05-07,2024-05-07,ERX12431783,Austria,Europe,Austria,Ion Torrent Proton,,SINGLE,PCR,METAGENOMIC,Homo sapiens,Homo sapiens,ION_TORRENT,2024-07-18T00:00:00Z,2024-07-22T20:51:00Z,1,K1836-37,donor,Homo sapiens,ERP123398
ERR13060043,AMPLICON,248,4003890,PRJEB39834,SAMEA115537775,2982125,01,MEDICAL UNIVERSITY GRAZ,2014,human,public,"run.zq,sra,fastq","gs,s3,ncbi","ncbi.public,s3.us-east-1,gs.us-east1",2024-05-07,2024-05-07,ERX12431784,Austria,Europe,Austria,Ion Torrent Proton,,SINGLE,PCR,METAGENOMIC,Homo sapiens,Homo sapiens,ION_TORRENT,2024-07-18T00:00:00Z,2024-07-22T20:53:00Z,1,K1836-75,donor,Homo sapiens,ERP123398
ERR13060056,AMPLICON,222,15351785,PRJEB39834,SAMEA115537788,11831905,02,MEDICAL UNIVERSITY GRAZ,2014,human,public,"fastq,sra,run.zq","s3,gs,ncbi","s3.us-east-1,ncbi.public,gs.us-east1",2024-05-07,2024-05-07,ERX12431797,Austria,Europe,Austria,Ion Torrent Proton,,SINGLE,PCR,METAGENOMIC,Homo sapiens,Homo sapiens,ION_TORRENT,2024-07-18T00:00:00Z,2024-07-21T21:36:00Z,1,K4389-58,patient,Homo sapiens,ERP123398
ERR13060057,AMPLICON,223,11213135,PRJEB39834,SAMEA115537789,8648883,02,MEDICAL UNIVERSITY GRAZ,2014,human,public,"sra,fastq,run.zq","gs,ncbi,s3","gs.us-east1,s3.us-east-1,ncbi.public",2024-05-07,2024-05-07,ERX12431798,Austria,Europe,Austria,Ion Torrent Proton,,SINGLE,PCR,METAGENOMIC,Homo sapiens,Homo sapiens,ION_TORRENT,2024-07-18T00:00:00Z,2024-07-22T11:03:00Z,1,K4389-59,patient,Homo sapiens,ERP123398
ERR13060060,AMPLICON,260,16216529,PRJEB39834,SAMEA115537792,12205236,02,MEDICAL UNIVERSITY GRAZ,2014,human,public,"run.zq,fastq,sra","gs,s3,ncbi","gs.us-east1,ncbi.public,s3.us-east-1",2024-05-07,2024-05-07,ERX12431801,Austria,Europe,Austria,Ion Torrent Proton,,SINGLE,PCR,METAGENOMIC,Homo sapiens,Homo sapiens,ION_TORRENT,2024-07-18T00:00:00Z,2024-07-22T17:23:00Z,1,K4389-65,patient,Homo sapiens,ERP123398
ERR13060063,AMPLICON,234,45390748,PRJEB39834,SAMEA115537795,36471346,03,MEDICAL UNIVERSITY GRAZ,2014,human,public,"sra,run.zq,fastq","gs,s3,ncbi","gs.us-east1,s3.us-east-1,ncbi.public",2024-05-07,2024-05-07,ERX12431804,Austria,Europe,Austria,Ion Torrent Proton,,SINGLE,PCR,METAGENOMIC,Homo sapiens,Homo sapiens,ION_TORRENT,2024-07-18T00:00:00Z,2024-07-22T17:26:00Z,1,K960-12,patient,Homo sapiens,ERP123398
ERR13060065,AMPLICON,250,14638306,PRJEB39834,SAMEA115537797,10976104,03,MEDICAL UNIVERSITY GRAZ,2014,human,public,"run.zq,sra,fastq","gs,s3,ncbi","gs.us-east1,s3.us-east-1,ncbi.public",2024-05-07,2024-05-07,ERX12431806,Austria,Europe,Austria,Ion Torrent Proton,,SINGLE,PCR,METAGENOMIC,Homo sapiens,Homo sapiens,ION_TORRENT,2024-07-18T00:00:00Z,2024-07-22T21:58:00Z,1,K960-16,patient,Homo sapiens,ERP123398
ERR13060066,AMPLICON,250,18378209,PRJEB39834,SAMEA115537798,13688440,03,MEDICAL UNIVERSITY GRAZ,2014,human,public,"sra,run.zq,fastq","gs,s3,ncbi","s3.us-east-1,ncbi.public,gs.us-east1",2024-05-07,2024-05-07,ERX12431807,Austria,Europe,Austria,Ion Torrent Proton,,SINGLE,PCR,METAGENOMIC,Homo sapiens,Homo sapiens,ION_TORRENT,2024-07-18T00:00:00Z,2024-07-22T11:04:00Z,1,K960-17,patient,Homo sapiens,ERP123398
ERR13060067,AMPLICON,224,17916718,PRJEB39834,SAMEA115537799,14522800,03,MEDICAL UNIVERSITY GRAZ,2014,human,public,"run.zq,fastq,sra","gs,s3,ncbi","s3.us-east-1,ncbi.public,gs.us-east1",2024-05-07,2024-05-07,ERX12431808,Austria,Europe,Austria,Ion Torrent Proton,,SINGLE,PCR,METAGENOMIC,Homo sapiens,Homo sapiens,ION_TORRENT,2024-07-18T00:00:00Z,2024-07-22T15:26:00Z,1,K960-6,patient,Homo sapiens,ERP123398
ERR13060069,AMPLICON,278,15319394,PRJEB39834,SAMEA115537801,12007462,40,MEDICAL UNIVERSITY GRAZ,2014,human,public,"run.zq,fastq,sra","s3,gs,ncbi","gs.us-east1,ncbi.public,s3.us-east-1",2024-05-07,2024-05-07,ERX12431810,Austria,Europe,Austria,Ion Torrent Proton,,SINGLE,PCR,METAGENOMIC,Homo sapiens,Homo sapiens,ION_TORRENT,2024-07-18T00:00:00Z,2024-07-22T11:04:00Z,1,A6005-4,donor,Homo sapiens,ERP123398
ERR13060070,AMPLICON,278,13106592,PRJEB39834,SAMEA115537802,10227163,40,MEDICAL UNIVERSITY GRAZ,2014,human,public,"fastq,run.zq,sra","gs,ncbi,s3","ncbi.public,s3.us-east-1,gs.us-east1",2024-05-07,2024-05-07,ERX12431811,Austria,Europe,Austria,Ion Torrent Proton,,SINGLE,PCR,METAGENOMIC,Homo sapiens,Homo sapiens,ION_TORRENT,2024-07-18T00:00:00Z,2024-07-23T02:11:00Z,1,A6005-5,donor,Homo sapiens,ERP123398
ERR13060072,AMPLICON,277,13822762,PRJEB39834,SAMEA115537804,10849953,50,MEDICAL UNIVERSITY GRAZ,2014,human,public,"fastq,sra,run.zq","gs,s3,ncbi","gs.us-east1,ncbi.public,s3.us-east-1",2024-05-07,2024-05-07,ERX12431813,Austria,Europe,Austria,Ion Torrent Proton,,SINGLE,PCR,METAGENOMIC,Homo sapiens,Homo sapiens,ION_TORRENT,2024-07-18T00:00:00Z,2024-07-23T02:12:00Z,1,A6006-5,donor,Homo sapiens,ERP123398
ERR13060073,AMPLICON,273,17326871,PRJEB39834,SAMEA115537805,13739308,08,MEDICAL UNIVERSITY GRAZ,2019,human,public,"run.zq,sra,fastq","s3,gs,ncbi","ncbi.public,s3.us-east-1,gs.us-east1",2024-05-07,2024-05-07,ERX12431814,Austria,Europe,Austria,Ion Torrent Proton,,SINGLE,PCR,METAGENOMIC,Homo sapiens,Homo sapiens,ION_TORRENT,2024-07-18T00:00:00Z,2024-07-23T02:13:00Z,1,K8073-104,patient,Homo sapiens,ERP123398
ERR13060079,AMPLICON,277,12052940,PRJEB39834,SAMEA115537811,9438800,08,MEDICAL UNIVERSITY GRAZ,2019,human,public,"fastq,sra,run.zq","ncbi,gs,s3","ncbi.public,gs.us-east1,s3.us-east-1",2024-05-07,2024-05-07,ERX12431820,Austria,Europe,Austria,Ion Torrent Proton,,SINGLE,PCR,METAGENOMIC,Homo sapiens,Homo sapiens,ION_TORRENT,2024-07-18T00:00:00Z,2024-07-22T02:59:00Z,1,K8073-125,patient,Homo sapiens,ERP123398
ERR13060088,AMPLICON,279,31932458,PRJEB39834,SAMEA115537820,25008778,08,MEDICAL UNIVERSITY GRAZ,2019,human,public,"fastq,run.zq,sra","s3,gs,ncbi","ncbi.public,gs.us-east1,s3.us-east-1",2024-05-07,2024-05-07,ERX12431829,Austria,Europe,Austria,Ion Torrent Proton,,SINGLE,PCR,METAGENOMIC,Homo sapiens,Homo sapiens,ION_TORRENT,2024-07-18T00:00:00Z,2024-08-11T08:11:00Z,1,K8073-84,patient,Homo sapiens,ERP123398
ERR13060094,AMPLICON,271,13768453,PRJEB39834,SAMEA115537826,11197747,08,MEDICAL UNIVERSITY GRAZ,2019,human,public,"run.zq,sra,fastq","gs,s3,ncbi","gs.us-east1,ncbi.public,s3.us-east-1",2024-05-07,2024-05-07,ERX12431835,Austria,Europe,Austria,Ion Torrent Proton,,SINGLE,PCR,METAGENOMIC,Homo sapiens,Homo sapiens,ION_TORRENT,2024-07-18T00:00:00Z,2024-07-22T05:59:00Z,1,K8073-98,patient,Homo sapiens,ERP123398
ERR13060104,AMPLICON,277,11195476,PRJEB39834,SAMEA115537836,8513388,09,MEDICAL UNIVERSITY GRAZ,2019,human,public,"fastq,sra,run.zq","gs,s3,ncbi","s3.us-east-1,gs.us-east1,ncbi.public",2024-05-07,2024-05-07,ERX12431845,Austria,Europe,Austria,Ion Torrent Proton,,SINGLE,PCR,METAGENOMIC,Homo sapiens,Homo sapiens,ION_TORRENT,2024-07-18T00:00:00Z,2024-07-22T12:07:00Z,1,A976-35,patient,Homo sapiens,ERP123398
ERR13060120,AMPLICON,226,29650307,PRJEB39834,SAMEA115537852,22537000,07,MEDICAL UNIVERSITY GRAZ,2019,human,public,"fastq,sra,run.zq","s3,gs,ncbi","s3.us-east-1,gs.us-east1,ncbi.public",2024-05-07,2024-05-07,ERX12431861,Austria,Europe,Austria,Ion Torrent Proton,,SINGLE,PCR,METAGENOMIC,Homo sapiens,Homo sapiens,ION_TORRENT,2024-07-18T00:00:00Z,2024-08-11T08:11:00Z,1,K9403-45,patient,Homo sapiens,ERP123398
ERR13060133,AMPLICON,276,13061624,PRJEB39834,SAMEA115537865,10274245,07,MEDICAL UNIVERSITY GRAZ,2019,human,public,"run.zq,fastq,sra","ncbi,gs,s3","gs.us-east1,s3.us-east-1,ncbi.public",2024-05-07,2024-05-07,ERX12431874,Austria,Europe,Austria,Ion Torrent Proton,,SINGLE,PCR,METAGENOMIC,Homo sapiens,Homo sapiens,ION_TORRENT,2024-07-18T00:00:00Z,2024-07-23T02:09:00Z,1,K9403-83,patient,Homo sapiens,ERP123398
ERR13060140,AMPLICON,276,17391718,PRJEB39834,SAMEA115537872,13467099,04,MEDICAL UNIVERSITY GRAZ,2014,human,public,"sra,run.zq,fastq","s3,ncbi,gs","s3.us-east-1,ncbi.public,gs.us-east1",2024-05-07,2024-05-07,ERX12431881,Austria,Europe,Austria,Ion Torrent Proton,,SINGLE,PCR,METAGENOMIC,Homo sapiens,Homo sapiens,ION_TORRENT,2024-07-18T00:00:00Z,2024-07-22T02:10:00Z,1,K5175-127,patient,Homo sapiens,ERP123398
ERR13060141,AMPLICON,276,9265544,PRJEB39834,SAMEA115537873,7263215,04,MEDICAL UNIVERSITY GRAZ,2014,human,public,"run.zq,fastq,sra","gs,s3,ncbi","gs.us-east1,ncbi.public,s3.us-east-1",2024-05-07,2024-05-07,ERX12431882,Austria,Europe,Austria,Ion Torrent Proton,,SINGLE,PCR,METAGENOMIC,Homo sapiens,Homo sapiens,ION_TORRENT,2024-07-18T00:00:00Z,2024-07-22T12:07:00Z,1,K5175-128,patient,Homo sapiens,ERP123398
ERR13060146,AMPLICON,261,12249212,PRJEB39834,SAMEA115537878,9579570,04,MEDICAL UNIVERSITY GRAZ,2014,human,public,"fastq,sra,run.zq","gs,ncbi,s3","ncbi.public,gs.us-east1,s3.us-east-1",2024-05-07,2024-05-07,ERX12431887,Austria,Europe,Austria,Ion Torrent Proton,,SINGLE,PCR,METAGENOMIC,Homo sapiens,Homo sapiens,ION_TORRENT,2024-07-17T00:00:00Z,2024-07-21T18:45:00Z,1,K5175-133,patient,Homo sapiens,ERP123398
ERR13060158,AMPLICON,258,45449597,PRJEB39834,SAMEA115537890,32994657,04,MEDICAL UNIVERSITY GRAZ,2014,human,public,"sra,fastq,run.zq","s3,ncbi,gs","gs.us-east1,s3.us-east-1,ncbi.public",2024-05-07,2024-05-07,ERX12431899,Austria,Europe,Austria,Ion Torrent Proton,,SINGLE,PCR,METAGENOMIC,Homo sapiens,Homo sapiens,ION_TORRENT,2024-07-18T00:00:00Z,2024-07-23T03:18:00Z,1,K5175-65,patient,Homo sapiens,ERP123398
ERR13060161,AMPLICON,235,45769684,PRJEB39834,SAMEA115537893,34459409,04,MEDICAL UNIVERSITY GRAZ,2014,human,public,"run.zq,sra,fastq","gs,s3,ncbi","ncbi.public,gs.us-east1,s3.us-east-1",2024-05-07,2024-05-07,ERX12431902,Austria,Europe,Austria,Ion Torrent Proton,,SINGLE,PCR,METAGENOMIC,Homo sapiens,Homo sapiens,ION_TORRENT,2024-07-18T00:00:00Z,2024-07-23T05:23:00Z,1,K5175-68,donor,Homo sapiens,ERP123398
ERR13060167,AMPLICON,231,12820170,PRJEB39834,SAMEA115537899,9462902,04,MEDICAL UNIVERSITY GRAZ,2014,human,public,"run.zq,sra,fastq","ncbi,s3,gs","ncbi.public,gs.us-east1,s3.us-east-1",2024-05-07,2024-05-07,ERX12431908,Austria,Europe,Austria,Ion Torrent Proton,,SINGLE,PCR,METAGENOMIC,Homo sapiens,Homo sapiens,ION_TORRENT,2024-07-18T00:00:00Z,2024-07-23T05:23:00Z,1,K5175-84,patient,Homo sapiens,ERP123398
ERR13060173,AMPLICON,279,34426766,PRJEB39834,SAMEA115537905,26286358,10,MEDICAL UNIVERSITY GRAZ,2019,human,public,"run.zq,fastq,sra","ncbi,s3,gs","ncbi.public,gs.us-east1,s3.us-east-1",2024-05-07,2024-05-07,ERX12431914,Austria,Europe,Austria,Ion Torrent Proton,,SINGLE,PCR,METAGENOMIC,Homo sapiens,Homo sapiens,ION_TORRENT,2024-07-18T00:00:00Z,2024-07-22T18:50:00Z,1,K1799-91,patient,Homo sapiens,ERP123398
ERR13059972,AMPLICON,264,11355763,PRJEB39834,SAMEA115537704,8793464,05,MEDICAL UNIVERSITY GRAZ,2019,human,public,"fastq,run.zq,sra","ncbi,s3,gs","ncbi.public,s3.us-east-1,gs.us-east1",2024-05-07,2024-05-07,ERX12431713,Austria,Europe,Austria,Ion Torrent Proton,,SINGLE,PCR,METAGENOMIC,Homo sapiens,Homo sapiens,ION_TORRENT,2024-07-17T00:00:00Z,2024-07-22T02:08:00Z,1,K6409-109,patient,Homo sapiens,ERP123398
ERR13060004,AMPLICON,254,19326205,PRJEB39834,SAMEA115537736,14358973,06,MEDICAL UNIVERSITY GRAZ,2019,human,public,"fastq,run.zq,sra","s3,ncbi,gs","ncbi.public,gs.us-east1,s3.us-east-1",2024-05-07,2024-05-07,ERX12431745,Austria,Europe,Austria,Ion Torrent Proton,,SINGLE,PCR,METAGENOMIC,Homo sapiens,Homo sapiens,ION_TORRENT,2024-07-17T00:00:00Z,2024-07-22T02:08:00Z,1,K4383-54,donor,Homo sapiens,ERP123398
ERR13060011,AMPLICON,259,35550829,PRJEB39834,SAMEA115537743,27571757,06,MEDICAL UNIVERSITY GRAZ,2019,human,public,"fastq,run.zq,sra","ncbi,s3,gs","s3.us-east-1,ncbi.public,gs.us-east1",2024-05-07,2024-05-07,ERX12431752,Austria,Europe,Austria,Ion Torrent Proton,,SINGLE,PCR,METAGENOMIC,Homo sapiens,Homo sapiens,ION_TORRENT,2024-07-17T00:00:00Z,2024-07-21T17:28:00Z,1,K4383-85,patient,Homo sapiens,ERP123398
ERR13060020,AMPLICON,275,11328420,PRJEB39834,SAMEA115537752,8041378,01,MEDICAL UNIVERSITY GRAZ,2014,human,public,"fastq,sra,run.zq","s3,ncbi,gs","s3.us-east-1,gs.us-east1,ncbi.public",2024-05-07,2024-05-07,ERX12431761,Austria,Europe,Austria,Ion Torrent Proton,,SINGLE,PCR,METAGENOMIC,Homo sapiens,Homo sapiens,ION_TORRENT,2024-07-17T00:00:00Z,2024-07-21T01:31:00Z,1,K1836-23,patient,Homo sapiens,ERP123398
ERR13060022,AMPLICON,269,8331160,PRJEB39834,SAMEA115537754,6113943,01,MEDICAL UNIVERSITY GRAZ,2014,human,public,"run.zq,sra,fastq","s3,gs,ncbi","gs.us-east1,s3.us-east-1,ncbi.public",2024-05-07,2024-05-07,ERX12431763,Austria,Europe,Austria,Ion Torrent Proton,,SINGLE,PCR,METAGENOMIC,Homo sapiens,Homo sapiens,ION_TORRENT,2024-07-17T00:00:00Z,2024-07-21T15:27:00Z,1,K1836-35,patient,Homo sapiens,ERP123398
ERR13060024,AMPLICON,272,17856046,PRJEB39834,SAMEA115537756,12501019,01,MEDICAL UNIVERSITY GRAZ,2014,human,public,"run.zq,fastq,sra","ncbi,s3,gs","s3.us-east-1,gs.us-east1,ncbi.public",2024-05-07,2024-05-07,ERX12431765,Austria,Europe,Austria,Ion Torrent Proton,,SINGLE,PCR,METAGENOMIC,Homo sapiens,Homo sapiens,ION_TORRENT,2024-07-17T00:00:00Z,2024-07-21T17:29:00Z,1,K1836-43,patient,Homo sapiens,ERP123398
ERR13060025,AMPLICON,252,12256172,PRJEB39834,SAMEA115537757,8761342,01,MEDICAL UNIVERSITY GRAZ,2014,human,public,"sra,run.zq,fastq","gs,s3,ncbi","ncbi.public,s3.us-east-1,gs.us-east1",2024-05-07,2024-05-07,ERX12431766,Austria,Europe,Austria,Ion Torrent Proton,,SINGLE,PCR,METAGENOMIC,Homo sapiens,Homo sapiens,ION_TORRENT,2024-07-17T00:00:00Z,2024-07-21T01:31:00Z,1,K1836-48,patient,Homo sapiens,ERP123398
ERR13060026,AMPLICON,256,14632541,PRJEB39834,SAMEA115537758,10247977,01,MEDICAL UNIVERSITY GRAZ,2014,human,public,"run.zq,fastq,sra","gs,s3,ncbi","ncbi.public,gs.us-east1,s3.us-east-1",2024-05-07,2024-05-07,ERX12431767,Austria,Europe,Austria,Ion Torrent Proton,,SINGLE,PCR,METAGENOMIC,Homo sapiens,Homo sapiens,ION_TORRENT,2024-07-17T00:00:00Z,2024-07-22T02:08:00Z,1,K1836-49,patient,Homo sapiens,ERP123398
ERR13060050,AMPLICON,245,9477011,PRJEB39834,SAMEA115537782,7098272,02,MEDICAL UNIVERSITY GRAZ,2014,human,public,"run.zq,fastq,sra","gs,ncbi,s3","gs.us-east1,s3.us-east-1,ncbi.public",2024-05-07,2024-05-07,ERX12431791,Austria,Europe,Austria,Ion Torrent Proton,,SINGLE,PCR,METAGENOMIC,Homo sapiens,Homo sapiens,ION_TORRENT,2024-07-17T00:00:00Z,2024-07-21T04:54:00Z,1,K4389-29,patient,Homo sapiens,ERP123398
ERR13060077,AMPLICON,280,28245675,PRJEB39834,SAMEA115537809,22262198,08,MEDICAL UNIVERSITY GRAZ,2019,human,public,"sra,run.zq,fastq","s3,gs,ncbi","s3.us-east-1,ncbi.public,gs.us-east1",2024-05-07,2024-05-07,ERX12431818,Austria,Europe,Austria,Ion Torrent Proton,,SINGLE,PCR,METAGENOMIC,Homo sapiens,Homo sapiens,ION_TORRENT,2024-07-17T00:00:00Z,2024-07-21T01:32:00Z,1,K8073-115,patient,Homo sapiens,ERP123398
ERR13060085,AMPLICON,176,34159455,PRJEB39834,SAMEA115537817,25752000,08,MEDICAL UNIVERSITY GRAZ,2019,human,public,"sra,run.zq,fastq","gs,ncbi,s3","gs.us-east1,ncbi.public,s3.us-east-1",2024-05-07,2024-05-07,ERX12431826,Austria,Europe,Austria,Ion Torrent Proton,,SINGLE,PCR,METAGENOMIC,Homo sapiens,Homo sapiens,ION_TORRENT,2024-07-17T00:00:00Z,2024-07-21T04:54:00Z,1,K8073-73,patient,Homo sapiens,ERP123398
ERR13060105,AMPLICON,277,15604462,PRJEB39834,SAMEA115537837,12019716,09,MEDICAL UNIVERSITY GRAZ,2019,human,public,"fastq,run.zq,sra","gs,s3,ncbi","s3.us-east-1,gs.us-east1,ncbi.public",2024-05-07,2024-05-07,ERX12431846,Austria,Europe,Austria,Ion Torrent Proton,,SINGLE,PCR,METAGENOMIC,Homo sapiens,Homo sapiens,ION_TORRENT,2024-07-17T00:00:00Z,2024-07-21T10:49:00Z,1,A976-40,patient,Homo sapiens,ERP123398
ERR13060149,AMPLICON,260,34792924,PRJEB39834,SAMEA115537881,25505207,04,MEDICAL UNIVERSITY GRAZ,2014,human,public,"fastq,sra,run.zq","gs,s3,ncbi","s3.us-east-1,gs.us-east1,ncbi.public",2024-05-07,2024-05-07,ERX12431890,Austria,Europe,Austria,Ion Torrent Proton,,SINGLE,PCR,METAGENOMIC,Homo sapiens,Homo sapiens,ION_TORRENT,2024-07-17T00:00:00Z,2024-07-21T03:04:00Z,1,K5175-24,patient,Homo sapiens,ERP123398
ERR13060155,AMPLICON,251,26591242,PRJEB39834,SAMEA115537887,19502282,04,MEDICAL UNIVERSITY GRAZ,2014,human,public,"sra,run.zq,fastq","gs,ncbi,s3","gs.us-east1,s3.us-east-1,ncbi.public",2024-05-07,2024-05-07,ERX12431896,Austria,Europe,Austria,Ion Torrent Proton,,SINGLE,PCR,METAGENOMIC,Homo sapiens,Homo sapiens,ION_TORRENT,2024-07-17T00:00:00Z,2024-07-21T15:28:00Z,1,K5175-46,patient,Homo sapiens,ERP123398
ERR13060164,AMPLICON,255,32807770,PRJEB39834,SAMEA115537896,24147370,04,MEDICAL UNIVERSITY GRAZ,2014,human,public,"sra,fastq,run.zq","s3,ncbi,gs","ncbi.public,gs.us-east1,s3.us-east-1",2024-05-07,2024-05-07,ERX12431905,Austria,Europe,Austria,Ion Torrent Proton,,SINGLE,PCR,METAGENOMIC,Homo sapiens,Homo sapiens,ION_TORRENT,2024-07-17T00:00:00Z,2024-07-21T12:11:00Z,1,K5175-71,patient,Homo sapiens,ERP123398
ERR13059982,AMPLICON,261,21802135,PRJEB39834,SAMEA115537714,15339464,05,MEDICAL UNIVERSITY GRAZ,2019,human,public,"sra,fastq,run.zq","gs,ncbi,s3","gs.us-east1,s3.us-east-1,ncbi.public",2024-05-07,2024-05-07,ERX12431723,Austria,Europe,Austria,Ion Torrent Proton,,SINGLE,PCR,METAGENOMIC,Homo sapiens,Homo sapiens,ION_TORRENT,2024-07-18T00:00:00Z,2024-07-24T02:21:00Z,1,K6409-69,donor,Homo sapiens,ERP123398
ERR13059984,AMPLICON,261,23090591,PRJEB39834,SAMEA115537716,16404472,05,MEDICAL UNIVERSITY GRAZ,2019,human,public,"sra,run.zq,fastq","ncbi,gs,s3","gs.us-east1,ncbi.public,s3.us-east-1",2024-05-07,2024-05-07,ERX12431725,Austria,Europe,Austria,Ion Torrent Proton,,SINGLE,PCR,METAGENOMIC,Homo sapiens,Homo sapiens,ION_TORRENT,2024-07-18T00:00:00Z,2024-07-24T04:21:00Z,1,K6409-71,patient,Homo sapiens,ERP123398
ERR13059986,AMPLICON,257,22191392,PRJEB39834,SAMEA115537718,16559412,05,MEDICAL UNIVERSITY GRAZ,2019,human,public,"sra,run.zq,fastq","s3,gs,ncbi","ncbi.public,s3.us-east-1,gs.us-east1",2024-05-07,2024-05-07,ERX12431727,Austria,Europe,Austria,Ion Torrent Proton,,SINGLE,PCR,METAGENOMIC,Homo sapiens,Homo sapiens,ION_TORRENT,2024-07-18T00:00:00Z,2024-07-24T04:16:00Z,1,K6409-86,donor,Homo sapiens,ERP123398
ERR13059996,AMPLICON,275,18059633,PRJEB39834,SAMEA115537728,14437776,06,MEDICAL UNIVERSITY GRAZ,2019,human,public,"sra,run.zq,fastq","gs,ncbi,s3","gs.us-east1,ncbi.public,s3.us-east-1",2024-05-07,2024-05-07,ERX12431737,Austria,Europe,Austria,Ion Torrent Proton,,SINGLE,PCR,METAGENOMIC,Homo sapiens,Homo sapiens,ION_TORRENT,2024-07-18T00:00:00Z,2024-07-24T02:19:00Z,1,K4383-112,patient,Homo sapiens,ERP123398
ERR13060006,AMPLICON,255,35836244,PRJEB39834,SAMEA115537738,25884769,06,MEDICAL UNIVERSITY GRAZ,2019,human,public,"sra,fastq,run.zq","s3,ncbi,gs","s3.us-east-1,gs.us-east1,ncbi.public",2024-05-07,2024-05-07,ERX12431747,Austria,Europe,Austria,Ion Torrent Proton,,SINGLE,PCR,METAGENOMIC,Homo sapiens,Homo sapiens,ION_TORRENT,2024-07-18T00:00:00Z,2024-07-24T04:32:00Z,1,K4383-64,patient,Homo sapiens,ERP123398
ERR13060029,AMPLICON,268,4030748,PRJEB39834,SAMEA115537761,2941191,01,MEDICAL UNIVERSITY GRAZ,2014,human,public,"run.zq,fastq,sra","ncbi,gs,s3","s3.us-east-1,gs.us-east1,ncbi.public",2024-05-07,2024-05-07,ERX12431770,Austria,Europe,Austria,Ion Torrent Proton,,SINGLE,PCR,METAGENOMIC,Homo sapiens,Homo sapiens,ION_TORRENT,2024-07-18T00:00:00Z,2024-07-24T04:01:00Z,1,K1836-77,patient,Homo sapiens,ERP123398
ERR13060035,AMPLICON,263,10325401,PRJEB39834,SAMEA115537767,7788061,01,MEDICAL UNIVERSITY GRAZ,2014,human,public,"sra,run.zq,fastq","ncbi,s3,gs","gs.us-east1,s3.us-east-1,ncbi.public",2024-05-07,2024-05-07,ERX12431776,Austria,Europe,Austria,Ion Torrent Proton,,SINGLE,PCR,METAGENOMIC,Homo sapiens,Homo sapiens,ION_TORRENT,2024-07-18T00:00:00Z,2024-07-24T03:58:00Z,1,K1836-113,patient,Homo sapiens,ERP123398
ERR13060037,AMPLICON,262,6861637,PRJEB39834,SAMEA115537769,5178540,01,MEDICAL UNIVERSITY GRAZ,2014,human,public,"fastq,run.zq,sra","ncbi,s3,gs","s3.us-east-1,gs.us-east1,ncbi.public",2024-05-07,2024-05-07,ERX12431778,Austria,Europe,Austria,Ion Torrent Proton,,SINGLE,PCR,METAGENOMIC,Homo sapiens,Homo sapiens,ION_TORRENT,2024-07-18T00:00:00Z,2024-07-24T02:21:00Z,1,K1836-115,patient,Homo sapiens,ERP123398
ERR13060039,AMPLICON,238,18555285,PRJEB39834,SAMEA115537771,14104195,01,MEDICAL UNIVERSITY GRAZ,2014,human,public,"run.zq,sra,fastq","ncbi,s3,gs","s3.us-east-1,gs.us-east1,ncbi.public",2024-05-07,2024-05-07,ERX12431780,Austria,Europe,Austria,Ion Torrent Proton,,SINGLE,PCR,METAGENOMIC,Homo sapiens,Homo sapiens,ION_TORRENT,2024-07-18T00:00:00Z,2024-07-24T02:23:00Z,1,K1836-133,patient,Homo sapiens,ERP123398
ERR13060051,AMPLICON,236,16155137,PRJEB39834,SAMEA115537783,12299186,02,MEDICAL UNIVERSITY GRAZ,2014,human,public,"fastq,run.zq,sra","gs,s3,ncbi","s3.us-east-1,gs.us-east1,ncbi.public",2024-05-07,2024-05-07,ERX12431792,Austria,Europe,Austria,Ion Torrent Proton,,SINGLE,PCR,METAGENOMIC,Homo sapiens,Homo sapiens,ION_TORRENT,2024-07-18T00:00:00Z,2024-07-24T02:32:00Z,1,K4389-42,patient,Homo sapiens,ERP123398
ERR13060053,AMPLICON,221,11579787,PRJEB39834,SAMEA115537785,9004345,02,MEDICAL UNIVERSITY GRAZ,2014,human,public,"fastq,sra,run.zq","gs,ncbi,s3","ncbi.public,s3.us-east-1,gs.us-east1",2024-05-07,2024-05-07,ERX12431794,Austria,Europe,Austria,Ion Torrent Proton,,SINGLE,PCR,METAGENOMIC,Homo sapiens,Homo sapiens,ION_TORRENT,2024-07-18T00:00:00Z,2024-07-24T05:47:00Z,1,K4389-55,donor,Homo sapiens,ERP123398
ERR13060058,AMPLICON,227,10086271,PRJEB39834,SAMEA115537790,7724038,02,MEDICAL UNIVERSITY GRAZ,2014,human,public,"fastq,run.zq,sra","s3,gs,ncbi","s3.us-east-1,gs.us-east1,ncbi.public",2024-05-07,2024-05-07,ERX12431799,Austria,Europe,Austria,Ion Torrent Proton,,SINGLE,PCR,METAGENOMIC,Homo sapiens,Homo sapiens,ION_TORRENT,2024-07-18T00:00:00Z,2024-07-24T02:23:00Z,1,K4389-60,patient,Homo sapiens,ERP123398
ERR13060075,AMPLICON,278,29233084,PRJEB39834,SAMEA115537807,22952976,08,MEDICAL UNIVERSITY GRAZ,2019,human,public,"run.zq,fastq,sra","gs,s3,ncbi","s3.us-east-1,gs.us-east1,ncbi.public",2024-05-07,2024-05-07,ERX12431816,Austria,Europe,Austria,Ion Torrent Proton,,SINGLE,PCR,METAGENOMIC,Homo sapiens,Homo sapiens,ION_TORRENT,2024-07-18T00:00:00Z,2024-07-24T04:21:00Z,1,K8073-109,patient,Homo sapiens,ERP123398
ERR13060083,AMPLICON,276,25387389,PRJEB39834,SAMEA115537815,19769369,08,MEDICAL UNIVERSITY GRAZ,2019,human,public,"run.zq,fastq,sra","gs,s3,ncbi","ncbi.public,gs.us-east1,s3.us-east-1",2024-05-07,2024-05-07,ERX12431824,Austria,Europe,Austria,Ion Torrent Proton,,SINGLE,PCR,METAGENOMIC,Homo sapiens,Homo sapiens,ION_TORRENT,2024-07-18T00:00:00Z,2024-07-24T04:17:00Z,1,K8073-67,patient,Homo sapiens,ERP123398
ERR13060096,AMPLICON,272,52138839,PRJEB39834,SAMEA115537828,41340611,09,MEDICAL UNIVERSITY GRAZ,2019,human,public,"fastq,sra,run.zq","gs,ncbi,s3","s3.us-east-1,ncbi.public,gs.us-east1",2024-05-07,2024-05-07,ERX12431837,Austria,Europe,Austria,Ion Torrent Proton,,SINGLE,PCR,METAGENOMIC,Homo sapiens,Homo sapiens,ION_TORRENT,2024-07-18T00:00:00Z,2024-07-24T04:12:00Z,1,A976-11,patient,Homo sapiens,ERP123398
ERR13060101,AMPLICON,278,13262762,PRJEB39834,SAMEA115537833,10116837,09,MEDICAL UNIVERSITY GRAZ,2019,human,public,"sra,fastq,run.zq","gs,s3,ncbi","gs.us-east1,s3.us-east-1,ncbi.public",2024-05-07,2024-05-07,ERX12431842,Austria,Europe,Austria,Ion Torrent Proton,,SINGLE,PCR,METAGENOMIC,Homo sapiens,Homo sapiens,ION_TORRENT,2024-07-18T00:00:00Z,2024-07-24T05:46:00Z,1,A976-32,patient,Homo sapiens,ERP123398
ERR13060102,AMPLICON,279,12671272,PRJEB39834,SAMEA115537834,9657015,09,MEDICAL UNIVERSITY GRAZ,2019,human,public,"sra,fastq,run.zq","s3,ncbi,gs","gs.us-east1,s3.us-east-1,ncbi.public",2024-05-07,2024-05-07,ERX12431843,Austria,Europe,Austria,Ion Torrent Proton,,SINGLE,PCR,METAGENOMIC,Homo sapiens,Homo sapiens,ION_TORRENT,2024-07-18T00:00:00Z,2024-07-24T05:47:00Z,1,A976-33,patient,Homo sapiens,ERP123398
ERR13060110,AMPLICON,261,11430708,PRJEB39834,SAMEA115537842,8742236,09,MEDICAL UNIVERSITY GRAZ,2019,human,public,"sra,run.zq,fastq","ncbi,s3,gs","s3.us-east-1,ncbi.public,gs.us-east1",2024-05-07,2024-05-07,ERX12431851,Austria,Europe,Austria,Ion Torrent Proton,,SINGLE,PCR,METAGENOMIC,Homo sapiens,Homo sapiens,ION_TORRENT,2024-07-18T00:00:00Z,2024-07-24T04:27:00Z,1,A976-61,patient,Homo sapiens,ERP123398
ERR13060112,AMPLICON,277,11423531,PRJEB39834,SAMEA115537844,8917186,09,MEDICAL UNIVERSITY GRAZ,2019,human,public,"sra,fastq,run.zq","ncbi,s3,gs","gs.us-east1,ncbi.public,s3.us-east-1",2024-05-07,2024-05-07,ERX12431853,Austria,Europe,Austria,Ion Torrent Proton,,SINGLE,PCR,METAGENOMIC,Homo sapiens,Homo sapiens,ION_TORRENT,2024-07-18T00:00:00Z,2024-07-24T05:46:00Z,1,A976-63,patient,Homo sapiens,ERP123398
ERR13060118,AMPLICON,280,50210166,PRJEB39834,SAMEA115537850,37774533,07,MEDICAL UNIVERSITY GRAZ,2019,human,public,"sra,fastq,run.zq","gs,ncbi,s3","ncbi.public,s3.us-east-1,gs.us-east1",2024-05-07,2024-05-07,ERX12431859,Austria,Europe,Austria,Ion Torrent Proton,,SINGLE,PCR,METAGENOMIC,Homo sapiens,Homo sapiens,ION_TORRENT,2024-07-18T00:00:00Z,2024-08-14T09:41:00Z,1,K9403-37,patient,Homo sapiens,ERP123398
ERR13060135,AMPLICON,269,14687135,PRJEB39834,SAMEA115537867,11843020,07,MEDICAL UNIVERSITY GRAZ,2019,human,public,"fastq,run.zq,sra","gs,ncbi,s3","s3.us-east-1,gs.us-east1,ncbi.public",2024-05-07,2024-05-07,ERX12431876,Austria,Europe,Austria,Ion Torrent Proton,,SINGLE,PCR,METAGENOMIC,Homo sapiens,Homo sapiens,ION_TORRENT,2024-07-18T00:00:00Z,2024-07-24T02:21:00Z,1,K9403-89,patient,Homo sapiens,ERP123398
ERR13060147,AMPLICON,256,8939338,PRJEB39834,SAMEA115537879,7021916,04,MEDICAL UNIVERSITY GRAZ,2014,human,public,"fastq,run.zq,sra","ncbi,s3,gs","s3.us-east-1,gs.us-east1,ncbi.public",2024-05-07,2024-05-07,ERX12431888,Austria,Europe,Austria,Ion Torrent Proton,,SINGLE,PCR,METAGENOMIC,Homo sapiens,Homo sapiens,ION_TORRENT,2024-07-18T00:00:00Z,2024-07-24T02:24:00Z,1,K5175-134,patient,Homo sapiens,ERP123398
ERR13060163,AMPLICON,261,38258804,PRJEB39834,SAMEA115537895,28447145,04,MEDICAL UNIVERSITY GRAZ,2014,human,public,"fastq,run.zq,sra","gs,s3,ncbi","ncbi.public,s3.us-east-1,gs.us-east1",2024-05-07,2024-05-07,ERX12431904,Austria,Europe,Austria,Ion Torrent Proton,,SINGLE,PCR,METAGENOMIC,Homo sapiens,Homo sapiens,ION_TORRENT,2024-07-18T00:00:00Z,2024-07-24T02:32:00Z,1,K5175-70,patient,Homo sapiens,ERP123398
ERR13060170,AMPLICON,277,37335049,PRJEB39834,SAMEA115537902,27925986,10,MEDICAL UNIVERSITY GRAZ,2019,human,public,"fastq,run.zq,sra","ncbi,gs,s3","gs.us-east1,s3.us-east-1,ncbi.public",2024-05-07,2024-05-07,ERX12431911,Austria,Europe,Austria,Ion Torrent Proton,,SINGLE,PCR,METAGENOMIC,Homo sapiens,Homo sapiens,ION_TORRENT,2024-07-18T00:00:00Z,2024-07-24T02:31:00Z,1,K1799-80,patient,Homo sapiens,ERP123398
ERR13060172,AMPLICON,278,2283730,PRJEB39834,SAMEA115537904,1760912,10,MEDICAL UNIVERSITY GRAZ,2019,human,public,"fastq,sra,run.zq","s3,gs,ncbi","gs.us-east1,ncbi.public,s3.us-east-1",2024-05-07,2024-05-07,ERX12431913,Austria,Europe,Austria,Ion Torrent Proton,,SINGLE,PCR,METAGENOMIC,Homo sapiens,Homo sapiens,ION_TORRENT,2024-07-18T00:00:00Z,2024-07-24T04:13:00Z,1,K1799-86,patient,Homo sapiens,ERP123398
ERR13059974,AMPLICON,255,72590839,PRJEB39834,SAMEA115537706,53956866,05,MEDICAL UNIVERSITY GRAZ,2019,human,public,"sra,fastq,run.zq","s3,ncbi,gs","ncbi.public,s3.us-east-1,gs.us-east1",2024-05-07,2024-05-07,ERX12431715,Austria,Europe,Austria,Ion Torrent Proton,,SINGLE,PCR,METAGENOMIC,Homo sapiens,Homo sapiens,ION_TORRENT,2024-07-18T00:00:00Z,2024-07-23T22:59:00Z,1,K6409-31,patient,Homo sapiens,ERP123398
ERR13059981,AMPLICON,255,24788765,PRJEB39834,SAMEA115537713,17580536,05,MEDICAL UNIVERSITY GRAZ,2019,human,public,"sra,run.zq,fastq","ncbi,s3,gs","gs.us-east1,ncbi.public,s3.us-east-1",2024-05-07,2024-05-07,ERX12431722,Austria,Europe,Austria,Ion Torrent Proton,,SINGLE,PCR,METAGENOMIC,Homo sapiens,Homo sapiens,ION_TORRENT,2024-07-18T00:00:00Z,2024-07-24T02:17:00Z,1,K6409-68,donor,Homo sapiens,ERP123398
ERR13059987,AMPLICON,266,4660788,PRJEB39834,SAMEA115537719,3520538,05,MEDICAL UNIVERSITY GRAZ,2019,human,public,"sra,run.zq,fastq","gs,ncbi,s3","s3.us-east-1,ncbi.public,gs.us-east1",2024-05-07,2024-05-07,ERX12431728,Austria,Europe,Austria,Ion Torrent Proton,,SINGLE,PCR,METAGENOMIC,Homo sapiens,Homo sapiens,ION_TORRENT,2024-07-18T00:00:00Z,2024-07-24T02:18:00Z,1,K6409-87,patient,Homo sapiens,ERP123398
ERR13059997,AMPLICON,263,13913500,PRJEB39834,SAMEA115537729,10841581,06,MEDICAL UNIVERSITY GRAZ,2019,human,public,"run.zq,sra,fastq","s3,gs,ncbi","ncbi.public,s3.us-east-1,gs.us-east1",2024-05-07,2024-05-07,ERX12431738,Austria,Europe,Austria,Ion Torrent Proton,,SINGLE,PCR,METAGENOMIC,Homo sapiens,Homo sapiens,ION_TORRENT,2024-07-18T00:00:00Z,2024-07-23T23:08:00Z,1,K4383-113,patient,Homo sapiens,ERP123398
ERR13060003,AMPLICON,260,20160198,PRJEB39834,SAMEA115537735,14957414,06,MEDICAL UNIVERSITY GRAZ,2019,human,public,"fastq,sra,run.zq","gs,s3,ncbi","ncbi.public,gs.us-east1,s3.us-east-1",2024-05-07,2024-05-07,ERX12431744,Austria,Europe,Austria,Ion Torrent Proton,,SINGLE,PCR,METAGENOMIC,Homo sapiens,Homo sapiens,ION_TORRENT,2024-07-18T00:00:00Z,2024-07-23T20:13:00Z,1,K4383-53,donor,Homo sapiens,ERP123398
ERR13060014,AMPLICON,234,21658578,PRJEB39834,SAMEA115537746,16291353,06,MEDICAL UNIVERSITY GRAZ,2019,human,public,"fastq,run.zq,sra","gs,ncbi,s3","s3.us-east-1,gs.us-east1,ncbi.public",2024-05-07,2024-05-07,ERX12431755,Austria,Europe,Austria,Ion Torrent Proton,,SINGLE,PCR,METAGENOMIC,Homo sapiens,Homo sapiens,ION_TORRENT,2024-07-18T00:00:00Z,2024-07-23T20:16:00Z,1,K4383-92,patient,Homo sapiens,ERP123398
ERR13060027,AMPLICON,258,2764527,PRJEB39834,SAMEA115537759,2095616,01,MEDICAL UNIVERSITY GRAZ,2014,human,public,"run.zq,fastq,sra","ncbi,gs,s3","s3.us-east-1,ncbi.public,gs.us-east1",2024-05-07,2024-05-07,ERX12431768,Austria,Europe,Austria,Ion Torrent Proton,,SINGLE,PCR,METAGENOMIC,Homo sapiens,Homo sapiens,ION_TORRENT,2024-07-18T00:00:00Z,2024-07-23T23:18:00Z,1,K1836-71,patient,Homo sapiens,ERP123398
ERR13060044,AMPLICON,258,3857805,PRJEB39834,SAMEA115537776,2879959,01,MEDICAL UNIVERSITY GRAZ,2014,human,public,"fastq,sra,run.zq","s3,gs,ncbi","ncbi.public,s3.us-east-1,gs.us-east1",2024-05-07,2024-05-07,ERX12431785,Austria,Europe,Austria,Ion Torrent Proton,,SINGLE,PCR,METAGENOMIC,Homo sapiens,Homo sapiens,ION_TORRENT,2024-07-18T00:00:00Z,2024-07-24T02:03:00Z,1,K1836-76,donor,Homo sapiens,ERP123398
ERR13060049,AMPLICON,245,9741774,PRJEB39834,SAMEA115537781,7260305,02,MEDICAL UNIVERSITY GRAZ,2014,human,public,"sra,fastq,run.zq","gs,s3,ncbi","ncbi.public,gs.us-east1,s3.us-east-1",2024-05-07,2024-05-07,ERX12431790,Austria,Europe,Austria,Ion Torrent Proton,,SINGLE,PCR,METAGENOMIC,Homo sapiens,Homo sapiens,ION_TORRENT,2024-07-18T00:00:00Z,2024-07-24T02:03:00Z,1,K4389-28,patient,Homo sapiens,ERP123398
ERR13060059,AMPLICON,250,22824415,PRJEB39834,SAMEA115537791,17275351,02,MEDICAL UNIVERSITY GRAZ,2014,human,public,"run.zq,sra,fastq","gs,ncbi,s3","ncbi.public,gs.us-east1,s3.us-east-1",2024-05-07,2024-05-07,ERX12431800,Austria,Europe,Austria,Ion Torrent Proton,,SINGLE,PCR,METAGENOMIC,Homo sapiens,Homo sapiens,ION_TORRENT,2024-07-18T00:00:00Z,2024-07-23T20:01:00Z,1,K4389-64,patient,Homo sapiens,ERP123398
ERR13060062,AMPLICON,242,20810503,PRJEB39834,SAMEA115537794,15688601,02,MEDICAL UNIVERSITY GRAZ,2014,human,public,"run.zq,sra,fastq","ncbi,s3,gs","gs.us-east1,ncbi.public,s3.us-east-1",2024-05-07,2024-05-07,ERX12431803,Austria,Europe,Austria,Ion Torrent Proton,,SINGLE,PCR,METAGENOMIC,Homo sapiens,Homo sapiens,ION_TORRENT,2024-07-18T00:00:00Z,2024-07-23T19:56:00Z,1,K4389-71,patient,Homo sapiens,ERP123398
ERR13060064,AMPLICON,233,37148904,PRJEB39834,SAMEA115537796,29945026,03,MEDICAL UNIVERSITY GRAZ,2014,human,public,"run.zq,fastq,sra","gs,s3,ncbi","s3.us-east-1,ncbi.public,gs.us-east1",2024-05-07,2024-05-07,ERX12431805,Austria,Europe,Austria,Ion Torrent Proton,,SINGLE,PCR,METAGENOMIC,Homo sapiens,Homo sapiens,ION_TORRENT,2024-07-18T00:00:00Z,2024-07-24T02:16:00Z,1,K960-13,patient,Homo sapiens,ERP123398
ERR13060071,AMPLICON,277,11677756,PRJEB39834,SAMEA115537803,9191553,50,MEDICAL UNIVERSITY GRAZ,2014,human,public,"fastq,sra,run.zq","gs,s3,ncbi","gs.us-east1,ncbi.public,s3.us-east-1",2024-05-07,2024-05-07,ERX12431812,Austria,Europe,Austria,Ion Torrent Proton,,SINGLE,PCR,METAGENOMIC,Homo sapiens,Homo sapiens,ION_TORRENT,2024-07-18T00:00:00Z,2024-07-23T23:06:00Z,1,A6006-4,donor,Homo sapiens,ERP123398
ERR13060078,AMPLICON,280,28219973,PRJEB39834,SAMEA115537810,22176736,08,MEDICAL UNIVERSITY GRAZ,2019,human,public,"fastq,run.zq,sra","ncbi,gs,s3","s3.us-east-1,ncbi.public,gs.us-east1",2024-05-07,2024-05-07,ERX12431819,Austria,Europe,Austria,Ion Torrent Proton,,SINGLE,PCR,METAGENOMIC,Homo sapiens,Homo sapiens,ION_TORRENT,2024-07-18T00:00:00Z,2024-07-24T00:17:00Z,1,K8073-116,patient,Homo sapiens,ERP123398
ERR13060089,AMPLICON,275,19996093,PRJEB39834,SAMEA115537821,15948396,08,MEDICAL UNIVERSITY GRAZ,2019,human,public,"run.zq,sra,fastq","s3,gs,ncbi","ncbi.public,gs.us-east1,s3.us-east-1",2024-05-07,2024-05-07,ERX12431830,Austria,Europe,Austria,Ion Torrent Proton,,SINGLE,PCR,METAGENOMIC,Homo sapiens,Homo sapiens,ION_TORRENT,2024-07-18T00:00:00Z,2024-07-24T00:26:00Z,1,K8073-85,patient,Homo sapiens,ERP123398
ERR13060090,AMPLICON,276,21607555,PRJEB39834,SAMEA115537822,17246599,08,MEDICAL UNIVERSITY GRAZ,2019,human,public,"run.zq,fastq,sra","gs,s3,ncbi","gs.us-east1,ncbi.public,s3.us-east-1",2024-05-07,2024-05-07,ERX12431831,Austria,Europe,Austria,Ion Torrent Proton,,SINGLE,PCR,METAGENOMIC,Homo sapiens,Homo sapiens,ION_TORRENT,2024-07-18T00:00:00Z,2024-07-23T20:25:00Z,1,K8073-86,patient,Homo sapiens,ERP123398
ERR13060099,AMPLICON,278,24029778,PRJEB39834,SAMEA115537831,18209123,09,MEDICAL UNIVERSITY GRAZ,2019,human,public,"sra,fastq,run.zq","s3,gs,ncbi","gs.us-east1,s3.us-east-1,ncbi.public",2024-05-07,2024-05-07,ERX12431840,Austria,Europe,Austria,Ion Torrent Proton,,SINGLE,PCR,METAGENOMIC,Homo sapiens,Homo sapiens,ION_TORRENT,2024-07-18T00:00:00Z,2024-07-23T23:16:00Z,1,A976-22,patient,Homo sapiens,ERP123398
ERR13060107,AMPLICON,273,23894696,PRJEB39834,SAMEA115537839,18764218,09,MEDICAL UNIVERSITY GRAZ,2019,human,public,"run.zq,fastq,sra","ncbi,gs,s3","gs.us-east1,ncbi.public,s3.us-east-1",2024-05-07,2024-05-07,ERX12431848,Austria,Europe,Austria,Ion Torrent Proton,,SINGLE,PCR,METAGENOMIC,Homo sapiens,Homo sapiens,ION_TORRENT,2024-07-18T00:00:00Z,2024-07-23T20:28:00Z,1,A976-46,patient,Homo sapiens,ERP123398
ERR13060117,AMPLICON,283,44456919,PRJEB39834,SAMEA115537849,33488333,07,MEDICAL UNIVERSITY GRAZ,2019,human,public,"fastq,run.zq,sra","gs,s3,ncbi","s3.us-east-1,ncbi.public,gs.us-east1",2024-05-07,2024-05-07,ERX12431858,Austria,Europe,Austria,Ion Torrent Proton,,SINGLE,PCR,METAGENOMIC,Homo sapiens,Homo sapiens,ION_TORRENT,2024-07-18T00:00:00Z,2024-07-24T00:29:00Z,1,K9403-36,patient,Homo sapiens,ERP123398
ERR13060119,AMPLICON,220,29942680,PRJEB39834,SAMEA115537851,22761489,07,MEDICAL UNIVERSITY GRAZ,2019,human,public,"run.zq,sra,fastq","ncbi,s3,gs","gs.us-east1,s3.us-east-1,ncbi.public",2024-05-07,2024-05-07,ERX12431860,Austria,Europe,Austria,Ion Torrent Proton,,SINGLE,PCR,METAGENOMIC,Homo sapiens,Homo sapiens,ION_TORRENT,2024-07-18T00:00:00Z,2024-07-24T02:18:00Z,1,K9403-44,patient,Homo sapiens,ERP123398
ERR13060124,AMPLICON,282,16924683,PRJEB39834,SAMEA115537856,13060136,07,MEDICAL UNIVERSITY GRAZ,2019,human,public,"fastq,run.zq,sra","s3,gs,ncbi","s3.us-east-1,ncbi.public,gs.us-east1",2024-05-07,2024-05-07,ERX12431865,Austria,Europe,Austria,Ion Torrent Proton,,SINGLE,PCR,METAGENOMIC,Homo sapiens,Homo sapiens,ION_TORRENT,2024-07-18T00:00:00Z,2024-07-23T20:07:00Z,1,K9403-54,patient,Homo sapiens,ERP123398
ERR13060125,AMPLICON,278,222354136,PRJEB39834,SAMEA115537857,169158875,07,MEDICAL UNIVERSITY GRAZ,2019,human,public,"sra,run.zq,fastq","ncbi,s3,gs","ncbi.public,gs.us-east1,s3.us-east-1",2024-05-07,2024-05-07,ERX12431866,Austria,Europe,Austria,Ion Torrent Proton,,SINGLE,PCR,METAGENOMIC,Homo sapiens,Homo sapiens,ION_TORRENT,2024-07-18T00:00:00Z,2024-07-24T02:17:00Z,1,K9403-58,patient,Homo sapiens,ERP123398
ERR13060131,AMPLICON,277,22126270,PRJEB39834,SAMEA115537863,17146938,07,MEDICAL UNIVERSITY GRAZ,2019,human,public,"fastq,run.zq,sra","ncbi,gs,s3","s3.us-east-1,gs.us-east1,ncbi.public",2024-05-07,2024-05-07,ERX12431872,Austria,Europe,Austria,Ion Torrent Proton,,SINGLE,PCR,METAGENOMIC,Homo sapiens,Homo sapiens,ION_TORRENT,2024-07-18T00:00:00Z,2024-07-23T20:24:00Z,1,K9403-77,patient,Homo sapiens,ERP123398
ERR13060165,AMPLICON,260,29865566,PRJEB39834,SAMEA115537897,22201353,04,MEDICAL UNIVERSITY GRAZ,2014,human,public,"run.zq,fastq,sra","gs,s3,ncbi","ncbi.public,gs.us-east1,s3.us-east-1",2024-05-07,2024-05-07,ERX12431906,Austria,Europe,Austria,Ion Torrent Proton,,SINGLE,PCR,METAGENOMIC,Homo sapiens,Homo sapiens,ION_TORRENT,2024-07-18T00:00:00Z,2024-07-23T23:27:00Z,1,K5175-72,patient,Homo sapiens,ERP123398
ERR13059989,AMPLICON,260,24076551,PRJEB39834,SAMEA115537721,17978636,05,MEDICAL UNIVERSITY GRAZ,2019,human,public,"run.zq,sra,fastq","ncbi,s3,gs","gs.us-east1,s3.us-east-1,ncbi.public",2024-05-07,2024-05-07,ERX12431730,Austria,Europe,Austria,Ion Torrent Proton,,SINGLE,PCR,METAGENOMIC,Homo sapiens,Homo sapiens,ION_TORRENT,2024-07-18T00:00:00Z,2024-07-25T13:23:00Z,1,K6409-89,patient,Homo sapiens,ERP123398
ERR13060080,AMPLICON,278,13116197,PRJEB39834,SAMEA115537812,10387237,08,MEDICAL UNIVERSITY GRAZ,2019,human,public,"run.zq,fastq,sra","gs,s3,ncbi","gs.us-east1,ncbi.public,s3.us-east-1",2024-05-07,2024-05-07,ERX12431821,Austria,Europe,Austria,Ion Torrent Proton,,SINGLE,PCR,METAGENOMIC,Homo sapiens,Homo sapiens,ION_TORRENT,2024-07-18T00:00:00Z,2024-07-25T13:29:00Z,1,K8073-126,patient,Homo sapiens,ERP123398
ERR13060142,AMPLICON,269,14074470,PRJEB39834,SAMEA115537874,10471292,04,MEDICAL UNIVERSITY GRAZ,2014,human,public,"sra,fastq,run.zq","ncbi,s3,gs","gs.us-east1,s3.us-east-1,ncbi.public",2024-05-07,2024-05-07,ERX12431883,Austria,Europe,Austria,Ion Torrent Proton,,SINGLE,PCR,METAGENOMIC,Homo sapiens,Homo sapiens,ION_TORRENT,2024-07-18T00:00:00Z,2024-07-25T13:21:00Z,1,K5175-129,patient,Homo sapiens,ERP123398
ERR13060153,AMPLICON,244,12228903,PRJEB39834,SAMEA115537885,9406160,04,MEDICAL UNIVERSITY GRAZ,2014,human,public,"sra,run.zq,fastq","gs,ncbi,s3","s3.us-east-1,ncbi.public,gs.us-east1",2024-05-07,2024-05-07,ERX12431894,Austria,Europe,Austria,Ion Torrent Proton,,SINGLE,PCR,METAGENOMIC,Homo sapiens,Homo sapiens,ION_TORRENT,2024-07-18T00:00:00Z,2024-07-26T02:03:00Z,1,K5175-36,donor,Homo sapiens,ERP123398
ERR13060160,AMPLICON,238,46556170,PRJEB39834,SAMEA115537892,34899908,04,MEDICAL UNIVERSITY GRAZ,2014,human,public,"fastq,run.zq,sra","ncbi,gs,s3","gs.us-east1,s3.us-east-1,ncbi.public",2024-05-07,2024-05-07,ERX12431901,Austria,Europe,Austria,Ion Torrent Proton,,SINGLE,PCR,METAGENOMIC,Homo sapiens,Homo sapiens,ION_TORRENT,2024-07-18T00:00:00Z,2024-07-25T13:31:00Z,1,K5175-67,donor,Homo sapiens,ERP123398
ERR13060174,AMPLICON,278,25295554,PRJEB39834,SAMEA115537906,19739470,10,MEDICAL UNIVERSITY GRAZ,2019,human,public,"run.zq,sra,fastq","ncbi,gs,s3","ncbi.public,gs.us-east1,s3.us-east-1",2024-05-07,2024-05-07,ERX12431915,Austria,Europe,Austria,Ion Torrent Proton,,SINGLE,PCR,METAGENOMIC,Homo sapiens,Homo sapiens,ION_TORRENT,2024-07-18T00:00:00Z,2024-07-25T13:36:00Z,1,K1799-92,patient,Homo sapiens,ERP123398
ERR13059975,AMPLICON,262,89161186,PRJEB39834,SAMEA115537707,65774759,05,MEDICAL UNIVERSITY GRAZ,2019,human,public,"run.zq,fastq,sra","gs,s3,ncbi","s3.us-east-1,ncbi.public,gs.us-east1",2024-05-07,2024-05-07,ERX12431716,Austria,Europe,Austria,Ion Torrent Proton,,SINGLE,PCR,METAGENOMIC,Homo sapiens,Homo sapiens,ION_TORRENT,2024-07-18T00:00:00Z,2024-07-23T15:29:00Z,1,K6409-44,patient,Homo sapiens,ERP123398
ERR13059980,AMPLICON,254,26404169,PRJEB39834,SAMEA115537712,19154840,05,MEDICAL UNIVERSITY GRAZ,2019,human,public,"sra,fastq,run.zq","s3,gs,ncbi","gs.us-east1,ncbi.public,s3.us-east-1",2024-05-07,2024-05-07,ERX12431721,Austria,Europe,Austria,Ion Torrent Proton,,SINGLE,PCR,METAGENOMIC,Homo sapiens,Homo sapiens,ION_TORRENT,2024-07-18T00:00:00Z,2024-07-24T02:02:00Z,1,K6409-67,patient,Homo sapiens,ERP123398
ERR13059985,AMPLICON,254,15053990,PRJEB39834,SAMEA115537717,11213079,05,MEDICAL UNIVERSITY GRAZ,2019,human,public,"fastq,sra,run.zq","ncbi,gs,s3","ncbi.public,gs.us-east1,s3.us-east-1",2024-05-07,2024-05-07,ERX12431726,Austria,Europe,Austria,Ion Torrent Proton,,SINGLE,PCR,METAGENOMIC,Homo sapiens,Homo sapiens,ION_TORRENT,2024-07-18T00:00:00Z,2024-07-23T05:25:00Z,1,K6409-85,donor,Homo sapiens,ERP123398
ERR13059988,AMPLICON,256,26419503,PRJEB39834,SAMEA115537720,19852338,05,MEDICAL UNIVERSITY GRAZ,2019,human,public,"sra,fastq,run.zq","gs,s3,ncbi","ncbi.public,s3.us-east-1,gs.us-east1",2024-05-07,2024-05-07,ERX12431729,Austria,Europe,Austria,Ion Torrent Proton,,SINGLE,PCR,METAGENOMIC,Homo sapiens,Homo sapiens,ION_TORRENT,2024-07-18T00:00:00Z,2024-07-23T05:26:00Z,1,K6409-88,patient,Homo sapiens,ERP123398
ERR13059995,AMPLICON,273,11733517,PRJEB39834,SAMEA115537727,9536890,06,MEDICAL UNIVERSITY GRAZ,2019,human,public,"fastq,run.zq,sra","ncbi,s3,gs","gs.us-east1,s3.us-east-1,ncbi.public",2024-05-07,2024-05-07,ERX12431736,Austria,Europe,Austria,Ion Torrent Proton,,SINGLE,PCR,METAGENOMIC,Homo sapiens,Homo sapiens,ION_TORRENT,2024-07-18T00:00:00Z,2024-07-23T09:52:00Z,1,K4383-111,patient,Homo sapiens,ERP123398
ERR13060000,AMPLICON,244,38124940,PRJEB39834,SAMEA115537732,27496879,06,MEDICAL UNIVERSITY GRAZ,2019,human,public,"run.zq,fastq,sra","gs,ncbi,s3","gs.us-east1,s3.us-east-1,ncbi.public",2024-05-07,2024-05-07,ERX12431741,Austria,Europe,Austria,Ion Torrent Proton,,SINGLE,PCR,METAGENOMIC,Homo sapiens,Homo sapiens,ION_TORRENT,2024-07-18T00:00:00Z,2024-08-14T09:39:00Z,1,K4383-42,patient,Homo sapiens,ERP123398
ERR13060010,AMPLICON,209,22121485,PRJEB39834,SAMEA115537742,16883831,06,MEDICAL UNIVERSITY GRAZ,2019,human,public,"sra,fastq,run.zq","ncbi,gs,s3","s3.us-east-1,ncbi.public,gs.us-east1",2024-05-07,2024-05-07,ERX12431751,Austria,Europe,Austria,Ion Torrent Proton,,SINGLE,PCR,METAGENOMIC,Homo sapiens,Homo sapiens,ION_TORRENT,2024-07-18T00:00:00Z,2024-07-23T08:27:00Z,1,K4383-76,donor,Homo sapiens,ERP123398
ERR13060012,AMPLICON,260,31127100,PRJEB39834,SAMEA115537744,24114509,06,MEDICAL UNIVERSITY GRAZ,2019,human,public,"sra,run.zq,fastq","s3,ncbi,gs","s3.us-east-1,ncbi.public,gs.us-east1",2024-05-07,2024-05-07,ERX12431753,Austria,Europe,Austria,Ion Torrent Proton,,SINGLE,PCR,METAGENOMIC,Homo sapiens,Homo sapiens,ION_TORRENT,2024-07-18T00:00:00Z,2024-07-23T08:28:00Z,1,K4383-86,patient,Homo sapiens,ERP123398
ERR13060013,AMPLICON,245,22044562,PRJEB39834,SAMEA115537745,16350831,06,MEDICAL UNIVERSITY GRAZ,2019,human,public,"sra,run.zq,fastq","s3,ncbi,gs","gs.us-east1,s3.us-east-1,ncbi.public",2024-05-07,2024-05-07,ERX12431754,Austria,Europe,Austria,Ion Torrent Proton,,SINGLE,PCR,METAGENOMIC,Homo sapiens,Homo sapiens,ION_TORRENT,2024-07-18T00:00:00Z,2024-07-23T06:51:00Z,1,K4383-91,patient,Homo sapiens,ERP123398
ERR13060015,AMPLICON,262,10507447,PRJEB39834,SAMEA115537747,7158555,01,MEDICAL UNIVERSITY GRAZ,2014,human,public,"fastq,run.zq,sra","ncbi,gs,s3","s3.us-east-1,gs.us-east1,ncbi.public",2024-05-07,2024-05-07,ERX12431756,Austria,Europe,Austria,Ion Torrent Proton,,SINGLE,PCR,METAGENOMIC,Homo sapiens,Homo sapiens,ION_TORRENT,2024-07-18T00:00:00Z,2024-07-25T02:01:00Z,1,K1836-8,patient,Homo sapiens,ERP123398
ERR13060018,AMPLICON,208,24058408,PRJEB39834,SAMEA115537750,17234148,01,MEDICAL UNIVERSITY GRAZ,2014,human,public,"sra,fastq,run.zq","gs,ncbi,s3","ncbi.public,s3.us-east-1,gs.us-east1",2024-05-07,2024-05-07,ERX12431759,Austria,Europe,Austria,Ion Torrent Proton,,SINGLE,PCR,METAGENOMIC,Homo sapiens,Homo sapiens,ION_TORRENT,2024-07-18T00:00:00Z,2024-07-23T13:42:00Z,1,K1836-21,patient,Homo sapiens,ERP123398
ERR13060030,AMPLICON,271,2531020,PRJEB39834,SAMEA115537762,1872800,01,MEDICAL UNIVERSITY GRAZ,2014,human,public,"fastq,run.zq,sra","ncbi,gs,s3","ncbi.public,gs.us-east1,s3.us-east-1",2024-05-07,2024-05-07,ERX12431771,Austria,Europe,Austria,Ion Torrent Proton,,SINGLE,PCR,METAGENOMIC,Homo sapiens,Homo sapiens,ION_TORRENT,2024-07-18T00:00:00Z,2024-07-23T15:31:00Z,1,K1836-78,patient,Homo sapiens,ERP123398
ERR13060048,AMPLICON,191,20992493,PRJEB39834,SAMEA115537780,15745848,02,MEDICAL UNIVERSITY GRAZ,2014,human,public,"run.zq,sra,fastq","s3,gs,ncbi","gs.us-east1,ncbi.public,s3.us-east-1",2024-05-07,2024-05-07,ERX12431789,Austria,Europe,Austria,Ion Torrent Proton,,SINGLE,PCR,METAGENOMIC,Homo sapiens,Homo sapiens,ION_TORRENT,2024-07-18T00:00:00Z,2024-07-23T16:56:00Z,1,K4389-27,patient,Homo sapiens,ERP123398
ERR13060068,AMPLICON,226,12887000,PRJEB39834,SAMEA115537800,10448595,03,MEDICAL UNIVERSITY GRAZ,2014,human,public,"fastq,run.zq,sra","ncbi,s3,gs","s3.us-east-1,ncbi.public,gs.us-east1",2024-05-07,2024-05-07,ERX12431809,Austria,Europe,Austria,Ion Torrent Proton,,SINGLE,PCR,METAGENOMIC,Homo sapiens,Homo sapiens,ION_TORRENT,2024-07-18T00:00:00Z,2024-07-23T17:07:00Z,1,K960-7,patient,Homo sapiens,ERP123398
ERR13060081,AMPLICON,275,13728527,PRJEB39834,SAMEA115537813,10633362,08,MEDICAL UNIVERSITY GRAZ,2019,human,public,"fastq,sra,run.zq","gs,ncbi,s3","s3.us-east-1,ncbi.public,gs.us-east1",2024-05-07,2024-05-07,ERX12431822,Austria,Europe,Austria,Ion Torrent Proton,,SINGLE,PCR,METAGENOMIC,Homo sapiens,Homo sapiens,ION_TORRENT,2024-07-18T00:00:00Z,2024-07-23T13:49:00Z,1,K8073-145,patient,Homo sapiens,ERP123398
ERR13060082,AMPLICON,275,19041159,PRJEB39834,SAMEA115537814,14575013,08,MEDICAL UNIVERSITY GRAZ,2019,human,public,"run.zq,sra,fastq","gs,s3,ncbi","s3.us-east-1,ncbi.public,gs.us-east1",2024-05-07,2024-05-07,ERX12431823,Austria,Europe,Austria,Ion Torrent Proton,,SINGLE,PCR,METAGENOMIC,Homo sapiens,Homo sapiens,ION_TORRENT,2024-07-18T00:00:00Z,2024-07-24T02:00:00Z,1,K8073-146,patient,Homo sapiens,ERP123398
ERR13060091,AMPLICON,277,15190788,PRJEB39834,SAMEA115537823,11826970,08,MEDICAL UNIVERSITY GRAZ,2019,human,public,"sra,run.zq,fastq","ncbi,s3,gs","s3.us-east-1,gs.us-east1,ncbi.public",2024-05-07,2024-05-07,ERX12431832,Austria,Europe,Austria,Ion Torrent Proton,,SINGLE,PCR,METAGENOMIC,Homo sapiens,Homo sapiens,ION_TORRENT,2024-07-18T00:00:00Z,2024-07-23T13:45:00Z,1,K8073-91,patient,Homo sapiens,ERP123398
ERR13060106,AMPLICON,277,9452762,PRJEB39834,SAMEA115537838,7249786,09,MEDICAL UNIVERSITY GRAZ,2019,human,public,"run.zq,fastq,sra","s3,gs,ncbi","ncbi.public,s3.us-east-1,gs.us-east1",2024-05-07,2024-05-07,ERX12431847,Austria,Europe,Austria,Ion Torrent Proton,,SINGLE,PCR,METAGENOMIC,Homo sapiens,Homo sapiens,ION_TORRENT,2024-07-18T00:00:00Z,2024-07-23T06:50:00Z,1,A976-41,patient,Homo sapiens,ERP123398
ERR13060122,AMPLICON,282,20896611,PRJEB39834,SAMEA115537854,16126134,07,MEDICAL UNIVERSITY GRAZ,2019,human,public,"fastq,sra,run.zq","ncbi,s3,gs","gs.us-east1,ncbi.public,s3.us-east-1",2024-05-07,2024-05-07,ERX12431863,Austria,Europe,Austria,Ion Torrent Proton,,SINGLE,PCR,METAGENOMIC,Homo sapiens,Homo sapiens,ION_TORRENT,2024-07-18T00:00:00Z,2024-07-24T01:58:00Z,1,K9403-52,patient,Homo sapiens,ERP123398
ERR13060123,AMPLICON,282,18237346,PRJEB39834,SAMEA115537855,14066401,07,MEDICAL UNIVERSITY GRAZ,2019,human,public,"fastq,run.zq,sra","gs,ncbi,s3","ncbi.public,gs.us-east1,s3.us-east-1",2024-05-07,2024-05-07,ERX12431864,Austria,Europe,Austria,Ion Torrent Proton,,SINGLE,PCR,METAGENOMIC,Homo sapiens,Homo sapiens,ION_TORRENT,2024-07-18T00:00:00Z,2024-07-23T16:59:00Z,1,K9403-53,patient,Homo sapiens,ERP123398
ERR13060130,AMPLICON,255,32968285,PRJEB39834,SAMEA115537862,23660084,07,MEDICAL UNIVERSITY GRAZ,2019,human,public,"fastq,run.zq,sra","ncbi,s3,gs","s3.us-east-1,ncbi.public,gs.us-east1",2024-05-07,2024-05-07,ERX12431871,Austria,Europe,Austria,Ion Torrent Proton,,SINGLE,PCR,METAGENOMIC,Homo sapiens,Homo sapiens,ION_TORRENT,2024-07-18T00:00:00Z,2024-08-11T10:02:00Z,1,K9403-69,patient,Homo sapiens,ERP123398
ERR13060136,AMPLICON,265,13455192,PRJEB39834,SAMEA115537868,10604970,04,MEDICAL UNIVERSITY GRAZ,2014,human,public,"fastq,sra,run.zq","ncbi,gs,s3","s3.us-east-1,ncbi.public,gs.us-east1",2024-05-07,2024-05-07,ERX12431877,Austria,Europe,Austria,Ion Torrent Proton,,SINGLE,PCR,METAGENOMIC,Homo sapiens,Homo sapiens,ION_TORRENT,2024-07-18T00:00:00Z,2024-07-23T13:47:00Z,1,K5175-123,patient,Homo sapiens,ERP123398
ERR13060139,AMPLICON,254,15604451,PRJEB39834,SAMEA115537871,11528840,04,MEDICAL UNIVERSITY GRAZ,2014,human,public,"sra,run.zq,fastq","gs,ncbi,s3","ncbi.public,s3.us-east-1,gs.us-east1",2024-05-07,2024-05-07,ERX12431880,Austria,Europe,Austria,Ion Torrent Proton,,SINGLE,PCR,METAGENOMIC,Homo sapiens,Homo sapiens,ION_TORRENT,2024-07-18T00:00:00Z,2024-07-23T08:28:00Z,1,K5175-126,patient,Homo sapiens,ERP123398
ERR13060144,AMPLICON,273,12674997,PRJEB39834,SAMEA115537876,9613843,04,MEDICAL UNIVERSITY GRAZ,2014,human,public,"run.zq,sra,fastq","gs,ncbi,s3","s3.us-east-1,ncbi.public,gs.us-east1",2024-05-07,2024-05-07,ERX12431885,Austria,Europe,Austria,Ion Torrent Proton,,SINGLE,PCR,METAGENOMIC,Homo sapiens,Homo sapiens,ION_TORRENT,2024-07-18T00:00:00Z,2024-07-23T17:00:00Z,1,K5175-131,patient,Homo sapiens,ERP123398
ERR13060150,AMPLICON,234,13883589,PRJEB39834,SAMEA115537882,10517272,04,MEDICAL UNIVERSITY GRAZ,2014,human,public,"fastq,sra,run.zq","gs,s3,ncbi","s3.us-east-1,gs.us-east1,ncbi.public",2024-05-07,2024-05-07,ERX12431891,Austria,Europe,Austria,Ion Torrent Proton,,SINGLE,PCR,METAGENOMIC,Homo sapiens,Homo sapiens,ION_TORRENT,2024-07-18T00:00:00Z,2024-07-23T05:24:00Z,1,K5175-33,patient,Homo sapiens,ERP123398
ERR13060151,AMPLICON,236,13140182,PRJEB39834,SAMEA115537883,10086387,04,MEDICAL UNIVERSITY GRAZ,2014,human,public,"sra,run.zq,fastq","gs,ncbi,s3","gs.us-east1,ncbi.public,s3.us-east-1",2024-05-07,2024-05-07,ERX12431892,Austria,Europe,Austria,Ion Torrent Proton,,SINGLE,PCR,METAGENOMIC,Homo sapiens,Homo sapiens,ION_TORRENT,2024-07-18T00:00:00Z,2024-07-23T17:07:00Z,1,K5175-34,patient,Homo sapiens,ERP123398
ERR13060152,AMPLICON,242,13626834,PRJEB39834,SAMEA115537884,10552324,04,MEDICAL UNIVERSITY GRAZ,2014,human,public,"sra,fastq,run.zq","s3,ncbi,gs","ncbi.public,s3.us-east-1,gs.us-east1",2024-05-07,2024-05-07,ERX12431893,Austria,Europe,Austria,Ion Torrent Proton,,SINGLE,PCR,METAGENOMIC,Homo sapiens,Homo sapiens,ION_TORRENT,2024-07-18T00:00:00Z,2024-07-23T12:01:00Z,1,K5175-35,donor,Homo sapiens,ERP123398
ERR13060159,AMPLICON,261,52357648,PRJEB39834,SAMEA115537891,37953818,04,MEDICAL UNIVERSITY GRAZ,2014,human,public,"sra,fastq,run.zq","s3,ncbi,gs","gs.us-east1,ncbi.public,s3.us-east-1",2024-05-07,2024-05-07,ERX12431900,Austria,Europe,Austria,Ion Torrent Proton,,SINGLE,PCR,METAGENOMIC,Homo sapiens,Homo sapiens,ION_TORRENT,2024-07-18T00:00:00Z,2024-07-23T17:00:00Z,1,K5175-66,patient,Homo sapiens,ERP123398
ERR13060162,AMPLICON,263,36165120,PRJEB39834,SAMEA115537894,26811211,04,MEDICAL UNIVERSITY GRAZ,2014,human,public,"fastq,run.zq,sra","ncbi,gs,s3","s3.us-east-1,gs.us-east1,ncbi.public",2024-05-07,2024-05-07,ERX12431903,Austria,Europe,Austria,Ion Torrent Proton,,SINGLE,PCR,METAGENOMIC,Homo sapiens,Homo sapiens,ION_TORRENT,2024-07-18T00:00:00Z,2024-08-11T09:40:00Z,1,K5175-69,patient,Homo sapiens,ERP123398
ERR13060166,AMPLICON,219,12748226,PRJEB39834,SAMEA115537898,9397354,04,MEDICAL UNIVERSITY GRAZ,2014,human,public,"fastq,run.zq,sra","ncbi,gs,s3","ncbi.public,s3.us-east-1,gs.us-east1",2024-05-07,2024-05-07,ERX12431907,Austria,Europe,Austria,Ion Torrent Proton,,SINGLE,PCR,METAGENOMIC,Homo sapiens,Homo sapiens,ION_TORRENT,2024-07-18T00:00:00Z,2024-07-23T13:45:00Z,1,K5175-83,patient,Homo sapiens,ERP123398
ERR13060016,AMPLICON,256,9295490,PRJEB39834,SAMEA115537748,6450101,01,MEDICAL UNIVERSITY GRAZ,2014,human,public,"run.zq,fastq,sra","s3,ncbi,gs","ncbi.public,s3.us-east-1,gs.us-east1",2024-05-07,2024-05-07,ERX12431757,Austria,Europe,Austria,Ion Torrent Proton,,SINGLE,PCR,METAGENOMIC,Homo sapiens,Homo sapiens,ION_TORRENT,2024-07-18T00:00:00Z,2024-07-25T09:03:00Z,1,K1836-9,patient,Homo sapiens,ERP123398
ERR13060052,AMPLICON,241,18908157,PRJEB39834,SAMEA115537784,14433501,02,MEDICAL UNIVERSITY GRAZ,2014,human,public,"run.zq,fastq,sra","ncbi,s3,gs","gs.us-east1,s3.us-east-1,ncbi.public",2024-05-07,2024-05-07,ERX12431793,Austria,Europe,Austria,Ion Torrent Proton,,SINGLE,PCR,METAGENOMIC,Homo sapiens,Homo sapiens,ION_TORRENT,2024-07-18T00:00:00Z,2024-07-25T03:28:00Z,1,K4389-43,patient,Homo sapiens,ERP123398
ERR13060055,AMPLICON,216,10925464,PRJEB39834,SAMEA115537787,8347368,02,MEDICAL UNIVERSITY GRAZ,2014,human,public,"sra,run.zq,fastq","gs,s3,ncbi","gs.us-east1,s3.us-east-1,ncbi.public",2024-05-07,2024-05-07,ERX12431796,Austria,Europe,Austria,Ion Torrent Proton,,SINGLE,PCR,METAGENOMIC,Homo sapiens,Homo sapiens,ION_TORRENT,2024-07-18T00:00:00Z,2024-07-25T07:14:00Z,1,K4389-57,patient,Homo sapiens,ERP123398
ERR13060093,AMPLICON,267,14881385,PRJEB39834,SAMEA115537825,12129898,08,MEDICAL UNIVERSITY GRAZ,2019,human,public,"run.zq,fastq,sra","ncbi,gs,s3","ncbi.public,gs.us-east1,s3.us-east-1",2024-05-07,2024-05-07,ERX12431834,Austria,Europe,Austria,Ion Torrent Proton,,SINGLE,PCR,METAGENOMIC,Homo sapiens,Homo sapiens,ION_TORRENT,2024-07-18T00:00:00Z,2024-07-25T03:27:00Z,1,K8073-97,patient,Homo sapiens,ERP123398
ERR13060137,AMPLICON,261,10452327,PRJEB39834,SAMEA115537869,8337788,04,MEDICAL UNIVERSITY GRAZ,2014,human,public,"sra,run.zq,fastq","gs,s3,ncbi","ncbi.public,s3.us-east-1,gs.us-east1",2024-05-07,2024-05-07,ERX12431878,Austria,Europe,Austria,Ion Torrent Proton,,SINGLE,PCR,METAGENOMIC,Homo sapiens,Homo sapiens,ION_TORRENT,2024-07-18T00:00:00Z,2024-07-26T01:56:00Z,1,K5175-124,patient,Homo sapiens,ERP123398
ERR13060143,AMPLICON,266,12697090,PRJEB39834,SAMEA115537875,9369597,04,MEDICAL UNIVERSITY GRAZ,2014,human,public,"run.zq,fastq,sra","s3,ncbi,gs","ncbi.public,s3.us-east-1,gs.us-east1",2024-05-07,2024-05-07,ERX12431884,Austria,Europe,Austria,Ion Torrent Proton,,SINGLE,PCR,METAGENOMIC,Homo sapiens,Homo sapiens,ION_TORRENT,2024-07-18T00:00:00Z,2024-07-25T07:17:00Z,1,K5175-130,patient,Homo sapiens,ERP123398
ERR13059998,AMPLICON,263,14200259,PRJEB39834,SAMEA115537730,11067023,06,MEDICAL UNIVERSITY GRAZ,2019,human,public,"run.zq,fastq,sra","s3,ncbi,gs","gs.us-east1,ncbi.public,s3.us-east-1",2024-05-07,2024-05-07,ERX12431739,Austria,Europe,Austria,Ion Torrent Proton,,SINGLE,PCR,METAGENOMIC,Homo sapiens,Homo sapiens,ION_TORRENT,2024-07-18T00:00:00Z,2024-07-25T01:42:00Z,1,K4383-114,patient,Homo sapiens,ERP123398
ERR13060005,AMPLICON,258,43724079,PRJEB39834,SAMEA115537737,31594708,06,MEDICAL UNIVERSITY GRAZ,2019,human,public,"sra,fastq,run.zq","s3,ncbi,gs","gs.us-east1,ncbi.public,s3.us-east-1",2024-05-07,2024-05-07,ERX12431746,Austria,Europe,Austria,Ion Torrent Proton,,SINGLE,PCR,METAGENOMIC,Homo sapiens,Homo sapiens,ION_TORRENT,2024-07-18T00:00:00Z,2024-07-24T07:11:00Z,1,K4383-63,patient,Homo sapiens,ERP123398
ERR13060009,AMPLICON,211,31145215,PRJEB39834,SAMEA115537741,23644657,06,MEDICAL UNIVERSITY GRAZ,2019,human,public,"run.zq,sra,fastq","gs,s3,ncbi","s3.us-east-1,gs.us-east1,ncbi.public",2024-05-07,2024-05-07,ERX12431750,Austria,Europe,Austria,Ion Torrent Proton,,SINGLE,PCR,METAGENOMIC,Homo sapiens,Homo sapiens,ION_TORRENT,2024-07-18T00:00:00Z,2024-07-24T07:12:00Z,1,K4383-75,donor,Homo sapiens,ERP123398
ERR13060019,AMPLICON,271,10512822,PRJEB39834,SAMEA115537751,7550477,01,MEDICAL UNIVERSITY GRAZ,2014,human,public,"run.zq,fastq,sra","ncbi,s3,gs","gs.us-east1,s3.us-east-1,ncbi.public",2024-05-07,2024-05-07,ERX12431760,Austria,Europe,Austria,Ion Torrent Proton,,SINGLE,PCR,METAGENOMIC,Homo sapiens,Homo sapiens,ION_TORRENT,2024-07-18T00:00:00Z,2024-07-25T01:43:00Z,1,K1836-22,patient,Homo sapiens,ERP123398
ERR13060031,AMPLICON,253,11179180,PRJEB39834,SAMEA115537763,8337165,01,MEDICAL UNIVERSITY GRAZ,2014,human,public,"fastq,sra,run.zq","gs,s3,ncbi","s3.us-east-1,ncbi.public,gs.us-east1",2024-05-07,2024-05-07,ERX12431772,Austria,Europe,Austria,Ion Torrent Proton,,SINGLE,PCR,METAGENOMIC,Homo sapiens,Homo sapiens,ION_TORRENT,2024-07-18T00:00:00Z,2024-07-24T19:43:00Z,1,K1836-93,patient,Homo sapiens,ERP123398
ERR13060127,AMPLICON,263,28300614,PRJEB39834,SAMEA115537859,20331024,07,MEDICAL UNIVERSITY GRAZ,2019,human,public,"run.zq,sra,fastq","ncbi,s3,gs","s3.us-east-1,ncbi.public,gs.us-east1",2024-05-07,2024-05-07,ERX12431868,Austria,Europe,Austria,Ion Torrent Proton,,SINGLE,PCR,METAGENOMIC,Homo sapiens,Homo sapiens,ION_TORRENT,2024-07-18T00:00:00Z,2024-07-24T14:22:00Z,1,K9403-66,patient,Homo sapiens,ERP123398
ERR13060128,AMPLICON,260,39360837,PRJEB39834,SAMEA115537860,28285347,07,MEDICAL UNIVERSITY GRAZ,2019,human,public,"run.zq,sra,fastq","gs,s3,ncbi","s3.us-east-1,gs.us-east1,ncbi.public",2024-05-07,2024-05-07,ERX12431869,Austria,Europe,Austria,Ion Torrent Proton,,SINGLE,PCR,METAGENOMIC,Homo sapiens,Homo sapiens,ION_TORRENT,2024-07-18T00:00:00Z,2024-07-24T12:50:00Z,1,K9403-67,patient,Homo sapiens,ERP123398
ERR13060129,AMPLICON,242,46080911,PRJEB39834,SAMEA115537861,33313590,07,MEDICAL UNIVERSITY GRAZ,2019,human,public,"run.zq,sra,fastq","s3,ncbi,gs","s3.us-east-1,gs.us-east1,ncbi.public",2024-05-07,2024-05-07,ERX12431870,Austria,Europe,Austria,Ion Torrent Proton,,SINGLE,PCR,METAGENOMIC,Homo sapiens,Homo sapiens,ION_TORRENT,2024-07-18T00:00:00Z,2024-07-24T09:17:00Z,1,K9403-68,patient,Homo sapiens,ERP123398
ERR13060132,AMPLICON,276,22116933,PRJEB39834,SAMEA115537864,17448515,07,MEDICAL UNIVERSITY GRAZ,2019,human,public,"fastq,sra,run.zq","ncbi,s3,gs","s3.us-east-1,gs.us-east1,ncbi.public",2024-05-07,2024-05-07,ERX12431873,Austria,Europe,Austria,Ion Torrent Proton,,SINGLE,PCR,METAGENOMIC,Homo sapiens,Homo sapiens,ION_TORRENT,2024-07-18T00:00:00Z,2024-07-24T09:23:00Z,1,K9403-78,patient,Homo sapiens,ERP123398
ERR13060134,AMPLICON,277,18683725,PRJEB39834,SAMEA115537866,14653758,07,MEDICAL UNIVERSITY GRAZ,2019,human,public,"sra,fastq,run.zq","gs,ncbi,s3","ncbi.public,gs.us-east1,s3.us-east-1",2024-05-07,2024-05-07,ERX12431875,Austria,Europe,Austria,Ion Torrent Proton,,SINGLE,PCR,METAGENOMIC,Homo sapiens,Homo sapiens,ION_TORRENT,2024-07-18T00:00:00Z,2024-07-24T16:23:00Z,1,K9403-84,patient,Homo sapiens,ERP123398
